# No.          k            P0            P1           P2           P3           P4            Nk           Norm           SNois  
        1          0.0032786885      -1790.2569286055          0.0000000000          0.0000000000          0.0000000000          0.0000000000          1             0.00000525783022732426             0.00000000000000000000 
        2          0.0098360656      -1790.3163932153     36999304.1594153941     944270.8412796536     1432500.6297903040     -13176715.9422841109         13             0.00000525783022732426             0.00000000000000000000 
        3          0.0163934426      -1790.4399980186     35078466.1083933860     -1947427.1110617742     -16840108.7283102460     174550.9871909213         37             0.00000525783022732426             0.00000000000000000000 
        4          0.0229508197      -1790.6104901570     29307049.4166728072     -1029968.9324682823     3459179.1137560382     8890764.8409792073         53             0.00000525783022732426             0.00000000000000000000 
        5          0.0295081967      -1790.8058383938     30025964.1880866513     -1420528.7601622415     7174433.8095797999     1071194.1016171905         77             0.00000525783022732426             0.00000000000000000000 
        6          0.0360655738      -1791.0402146493     25809635.2850652039     -3170579.8949289448     8929889.8874283675     545195.3192172508        117             0.00000525783022732426             0.00000000000000000000 
        7          0.0426229508      -1791.3518107756     21374286.2167771123     -498958.9439508108     3181095.7803722192     2751032.8757922333        180             0.00000525783022732426             0.00000000000000000000 
        8          0.0491803279      -1791.7081805409     15149559.7249642704      95859.4783558935     109053.3632063664     -226204.3201607080        209             0.00000525783022732426             0.00000000000000000000 
        9          0.0557377049      -1792.1207418598     10898844.3299134616      99773.2784617911     1841194.7285552665     1075165.4566025564        297             0.00000525783022732426             0.00000000000000000000 
       10          0.0622950820      -1792.6023096563     7847929.3455504077     269567.7025490178     211909.4305568439     1395309.0408185399        361             0.00000525783022732426             0.00000000000000000000 
       11          0.0688524590      -1793.1091691629     6011620.5808160258     -12739.4318971242     203908.6870529437     895265.0961827473        405             0.00000525783022732426             0.00000000000000000000 
       12          0.0754098361      -1793.6509977231     4822881.8775359271      16889.3840567230     441298.9930216501     223367.3412235232        493             0.00000525783022732426             0.00000000000000000000 
       13          0.0819672131      -1794.2734157266     3424089.5284106070      74228.6786857620     348547.0455052304      52545.3188589489        632             0.00000525783022732426             0.00000000000000000000 
       14          0.0885245902      -1794.9500528660     2384888.4302884918       -300.8408224068     167600.8921766544      49377.7041999483        673             0.00000525783022732426             0.00000000000000000000 
       15          0.0950819672      -1795.6611898870     1982394.9305599872     135956.2640564748     455067.4436635355      37568.0384932907        805             0.00000525783022732426             0.00000000000000000000 
       16          0.1016393443      -1796.4345747391     1703362.3298924912      39918.7172824151     580979.3104464640     -177160.6294666282        897             0.00000525783022732426             0.00000000000000000000 
       17          0.1081967213      -1797.2617614071     1294191.2517625240      91995.1230510727     314756.8734207420      82220.3982768476       1057             0.00000525783022732426             0.00000000000000000000 
       18          0.1147540984      -1798.1319293739     1048619.0905327189     156980.2422577518     386036.7304652656     216244.5005838904       1121             0.00000525783022732426             0.00000000000000000000 
       19          0.1213114754      -1799.0771601077     730844.8883555342      87355.7779091967     409601.3609300533     188856.9074111757       1384             0.00000525783022732426             0.00000000000000000000 
       20          0.1278688525      -1800.0812037305     426977.3367713754      -9736.5579703186     191356.7456642621     303491.7754082198       1401             0.00000525783022732426             0.00000000000000000000 
       21          0.1344262295      -1801.1106653981     288551.9342863158      31007.7364946047     116639.5565383971     169975.3643184243       1597             0.00000525783022732426             0.00000000000000000000 
       22          0.1409836066      -1802.1646535212     166270.5173573068       8371.3741757327     242626.0629457769      50930.4760159006       1629             0.00000525783022732426             0.00000000000000000000 
       23          0.1475409836      -1803.2539218773      77501.1575478920      88592.4612026085     165783.2099527095     -63322.0597056869       1849             0.00000525783022732426             0.00000000000000000000 
       24          0.1540983607      -1804.4571612527      41092.6576513762      -5633.6536951396     213302.9588842007     -73618.6630258512       2165             0.00000525783022732426             0.00000000000000000000 
       25          0.1606557377      -1805.7316985007     -18420.5864571168     -34275.8150180027     201535.6753866797      86162.1979409657       2272             0.00000525783022732426             0.00000000000000000000 
       26          0.1672131148      -1807.0476253789     -120501.5047544386     -13865.8099042270     114603.1110942369     136269.6110279849       2481             0.00000525783022732426             0.00000000000000000000 
       27          0.1737704918      -1808.3977208672     -161626.6443143894      22981.2028657290     163845.7633345455       1450.5790432253       2561             0.00000525783022732426             0.00000000000000000000 
       28          0.1803278689      -1809.8067151950     -206333.7583605713      62995.8794791354     170113.9299765200     -70532.5380782473       2917             0.00000525783022732426             0.00000000000000000000 
       29          0.1868852459      -1811.2825034930     -232346.8454660149       9224.9934676004     203267.0851246136     -32647.6951873091       3041             0.00000525783022732426             0.00000000000000000000 
       30          0.1934426230      -1812.7686495630     -244847.1066888677      -3748.6756705685     181496.6711855383      42637.8017635706       3157             0.00000525783022732426             0.00000000000000000000 
       31          0.2000000000      -1814.3010634005     -255691.9896722487      13735.7680356627     184435.1778805389      24168.6526466089       3464             0.00000525783022732426             0.00000000000000000000 
       32          0.2065573770      -1815.9305989905     -289826.2115554971      32184.9461169686     154571.0690812458     -10705.1381945206       3717             0.00000525783022732426             0.00000000000000000000 
       33          0.2131147541      -1817.6076966664     -255880.1277782280      28558.3502008785     197552.7428863300      30559.3613586447       3957             0.00000525783022732426             0.00000000000000000000 
       34          0.2196721311      -1819.3319710587     -247259.8245096127     -30373.0808102924     177843.4891857313      44883.3607086019       4133             0.00000525783022732426             0.00000000000000000000 
       35          0.2262295082      -1821.0906484747     -226007.8693195066     -26381.5273406327     227633.6067565541       6301.1798038131       4405             0.00000525783022732426             0.00000000000000000000 
       36          0.2327868852      -1822.9202997270     -230259.3418367362      27225.0745686976     250654.0696245575     -16714.4342528776       4713             0.00000525783022732426             0.00000000000000000000 
       37          0.2393442623      -1824.8439018201     -258109.9125270154       6427.7355162967     215562.2145196985     -19821.2154843023       5132             0.00000525783022732426             0.00000000000000000000 
       38          0.2459016393      -1826.7959192662     -262135.9854034570      -9141.7267057192     196061.7879903526      16688.6720229721       5081             0.00000525783022732426             0.00000000000000000000 
       39          0.2524590164      -1828.7551149973     -236780.4229171204      -5142.6418224516     238978.5110428765      22449.6643011271       5429             0.00000525783022732426             0.00000000000000000000 
       40          0.2590163934      -1830.8172359952     -234372.0504322354      -4100.2280839311     222176.4251908121        218.5591173290       5941             0.00000525783022732426             0.00000000000000000000 
       41          0.2655737705      -1832.9409403461     -223066.3607012825      25778.4364410221     198631.2039685685       2819.8951304493       6029             0.00000525783022732426             0.00000000000000000000 
       42          0.2721311475      -1835.0889798138     -211927.0674085905      -7119.2125794461     197529.6379003845     -15713.8741491556       6405             0.00000525783022732426             0.00000000000000000000 
       43          0.2786885246      -1837.2824424439     -200935.2293523427     -17190.7642022823     216856.8300094878     -18888.1059882287       6536             0.00000525783022732426             0.00000000000000000000 
       44          0.2852459016      -1839.5529307810     -214097.2808563058       8735.1442763822     205598.5830894600       7329.3333624779       7137             0.00000525783022732426             0.00000000000000000000 
       45          0.2918032787      -1841.8929324213     -208488.2948369157       5628.5178331026     192551.7530492512      15845.8719089192       7281             0.00000525783022732426             0.00000000000000000000 
       46          0.2983606557      -1844.2942195234     -200807.2163842279      -9093.9707696713     196748.5804459074       6357.1420600126       7821             0.00000525783022732426             0.00000000000000000000 
       47          0.3049180328      -1846.7441288447     -195348.1213147131       -384.5661628736     196352.4933447445       8282.1904267545       7921             0.00000525783022732426             0.00000000000000000000 
       48          0.3114754098      -1849.2425475295     -196803.9974232508      13238.6196706261     193068.3060531944      -5561.4739424280       8453             0.00000525783022732426             0.00000000000000000000 
       49          0.3180327869      -1851.7822944941     -191406.9987155839       4509.7509197408     199450.2756090978      -8726.5789128613       8500             0.00000525783022732426             0.00000000000000000000 
       50          0.3245901639      -1854.3888739476     -177549.3129995837       2177.1494496886     197374.3197178531     -16817.1780823713       9193             0.00000525783022732426             0.00000000000000000000 
       51          0.3311475410      -1857.0898363647     -161633.7988214374       -706.5427516779     187866.5487477212      -9733.2679820724       9529             0.00000525783022732426             0.00000000000000000000 
       52          0.3377049180      -1859.8016729317     -146451.9914957110       9636.3674885862     190398.9331258359       6890.4515810956       9589             0.00000525783022732426             0.00000000000000000000 
       53          0.3442622951      -1862.5912892283     -148578.2089163134      -1572.2758248535     192810.5367690032      19081.9588032755      10481             0.00000525783022732426             0.00000000000000000000 
       54          0.3508196721      -1865.4336265139     -147783.2826795116       1673.5182398618     192915.7583126019      24211.9597449308      10249             0.00000525783022732426             0.00000000000000000000 
       55          0.3573770492      -1868.3041555305     -146438.1281419956       2850.3797025844     190804.8410630852       1022.4365306544      11068             0.00000525783022732426             0.00000000000000000000 
       56          0.3639344262      -1871.3032933982     -148932.2598426371       1625.7050373695     186929.8461519858      -9018.3989251935      11537             0.00000525783022732426             0.00000000000000000000 
       57          0.3704918033      -1874.3458843447     -142192.6745409479       -997.4062008117     175691.7369804565      -3355.5451514025      11801             0.00000525783022732426             0.00000000000000000000 
       58          0.3770491803      -1877.4070567771     -139443.4814395951       5652.0630589161     161104.2642213360        451.6512999053      12053             0.00000525783022732426             0.00000000000000000000 
       59          0.3836065574      -1880.5478522622     -139480.3052948569       8696.4918098593     154402.8807164814        946.3230688676      12809             0.00000525783022732426             0.00000000000000000000 
       60          0.3901639344      -1883.7558860851     -131728.9825343322       1314.1885107447     159546.9277059674      -4707.4486899685      12969             0.00000525783022732426             0.00000000000000000000 
       61          0.3967213115           0           0           0           0           0           0           0           0 
