# No.          k            P0            P1           P2           P3           P4            Nk           Norm           SNois  
        1          0.0032786885      -1414.5481767605          0.0000000000          0.0000000000          0.0000000000          0.0000000000          1             0.00000548184328752562             0.00000000000000000000 
        2          0.0098360656      -1414.5951619469     44977546.8492187932     -104576.9349471680     -3808820.9869750342     -14294781.0544192456         13             0.00000548184328752562             0.00000000000000000000 
        3          0.0163934426      -1414.6928266712     40234212.3870674893     -4879696.2707509147     -22040460.0454829484     -168921.7211679961         37             0.00000548184328752562             0.00000000000000000000 
        4          0.0229508197      -1414.8275388119     31841672.6236278564     -2211287.4506383408     2900616.1852038605     9185783.5185315758         53             0.00000548184328752562             0.00000000000000000000 
        5          0.0295081967      -1414.9818906750     31748576.3489108570     -1901476.6119935291     7621761.7768610893     -292196.1215052509         77             0.00000548184328752562             0.00000000000000000000 
        6          0.0360655738      -1415.1670800183     27267253.6693761759     -3118549.0363546829     9253578.4873199258     -303725.3704232851        117             0.00000548184328752562             0.00000000000000000000 
        7          0.0426229508      -1415.4132836359     22624355.0127846450     -419958.4903246203     3566166.4483335386     2713249.1594715281        180             0.00000548184328752562             0.00000000000000000000 
        8          0.0491803279      -1415.6948645608     15930784.3999528401     224863.0410653281     308187.4187943289     -153628.1596684494        209             0.00000548184328752562             0.00000000000000000000 
        9          0.0557377049      -1416.0208445093     11419692.4652346261     115556.4792681229     2327582.0154856094     1039055.1247422912        297             0.00000548184328752562             0.00000000000000000000 
       10          0.0622950820      -1416.4013490266     7972206.7069285735     357647.7349015471     199930.5876745384     1391086.1026779870        361             0.00000548184328752562             0.00000000000000000000 
       11          0.0688524590      -1416.8018374590     6082536.9117437080      -7459.3967009173      91466.4113067362     948614.6767039227        405             0.00000548184328752562             0.00000000000000000000 
       12          0.0754098361      -1417.2299562334     4934977.8368653329      23124.8154135282     281350.9362799182     287264.3694812962        493             0.00000548184328752562             0.00000000000000000000 
       13          0.0819672131      -1417.7217517058     3492538.3120461348      27317.7079719294     261600.2416365666      94175.9372279350        632             0.00000548184328752562             0.00000000000000000000 
       14          0.0885245902      -1418.2563877218     2445388.4153108969       4318.5350643827      95211.5446797985     134116.7998923197        673             0.00000548184328752562             0.00000000000000000000 
       15          0.0950819672      -1418.8182833695     2009161.0285371540     135238.2977030838     486085.0188922003     101835.8244968979        805             0.00000548184328752562             0.00000000000000000000 
       16          0.1016393443      -1419.4293633296     1748805.5024708176      56636.0881355267     604937.0832448362     -155060.7479201541        897             0.00000548184328752562             0.00000000000000000000 
       17          0.1081967213      -1420.0829540932     1305686.2570603089     105903.1017829203     277172.5876864531     137205.1151300985       1057             0.00000548184328752562             0.00000000000000000000 
       18          0.1147540984      -1420.7705059698     1069573.5211287660     150371.5093504666     400653.3242732334     209602.7428124147       1121             0.00000548184328752562             0.00000000000000000000 
       19          0.1213114754      -1421.5173677134     731808.5150451008      79073.5426862674     444641.8270872380     182554.2549138409       1384             0.00000548184328752562             0.00000000000000000000 
       20          0.1278688525      -1422.3106996946     404187.4187898213      17432.7113249847     230499.2361259122     262662.4084010634       1401             0.00000548184328752562             0.00000000000000000000 
       21          0.1344262295      -1423.1241154126     270047.0060434826      55939.5261581226     129729.7448051981     147031.1634856370       1597             0.00000548184328752562             0.00000000000000000000 
       22          0.1409836066      -1423.9569103897     168281.3835374731      28829.2101060491     310902.8424459862      77260.6188742979       1629             0.00000548184328752562             0.00000000000000000000 
       23          0.1475409836      -1424.8175815830      67875.5033405464      85384.6735992045     203383.6104215515     -14084.1782586444       1849             0.00000548184328752562             0.00000000000000000000 
       24          0.1540983607      -1425.7683054916      13102.7313008241     -21109.4755227656     257253.1937474825     -38938.4189074784       2165             0.00000548184328752562             0.00000000000000000000 
       25          0.1606557377      -1426.7753644850     -61946.1525780185     -42641.7552539880     276170.9644523641      70777.0698662595       2272             0.00000548184328752562             0.00000000000000000000 
       26          0.1672131148      -1427.8151269552     -158035.7990924243     -21010.6638184843     144111.9296523287     105682.2883509824       2481             0.00000548184328752562             0.00000000000000000000 
       27          0.1737704918      -1428.8818873072     -184493.7493035269      44472.5219083144     205260.3023870978     -21508.7801664178       2561             0.00000548184328752562             0.00000000000000000000 
       28          0.1803278689      -1429.9951858096     -236245.9525502025      77758.3651702615     188469.6912190385     -91806.5148096677       2917             0.00000548184328752562             0.00000000000000000000 
       29          0.1868852459      -1431.1612606968     -257730.7901504087       7982.1823513421     193740.1357624285     -62001.7009831036       3041             0.00000548184328752562             0.00000000000000000000 
       30          0.1934426230      -1432.3355196426     -259534.9279496314     -10098.9904073765     212255.3018598034      59135.6604979690       3157             0.00000548184328752562             0.00000000000000000000 
       31          0.2000000000      -1433.5463364619     -277290.6974796741      -1185.4141336064     214829.2608442047      48242.6025067655       3464             0.00000548184328752562             0.00000000000000000000 
       32          0.2065573770      -1434.8338927679     -314221.0366957515      27234.1235419374     157721.6446824140      -1701.3925816181       3717             0.00000548184328752562             0.00000000000000000000 
       33          0.2131147541      -1436.1590296361     -288157.5312295035      36869.3681958445     210398.8676259927      37344.3032382476       3957             0.00000548184328752562             0.00000000000000000000 
       34          0.2196721311      -1437.5214425719     -270922.3364514452     -26856.8199157036     223854.9771574316      30179.5275074122       4133             0.00000548184328752562             0.00000000000000000000 
       35          0.2262295082      -1438.9110386084     -246469.0834835652     -27927.5405557696     281407.8183906995     -13062.3284258353       4405             0.00000548184328752562             0.00000000000000000000 
       36          0.2327868852      -1440.3567136965     -254822.9213103900      32238.3178442625     302294.7761258794      -9788.8054998626       4713             0.00000548184328752562             0.00000000000000000000 
       37          0.2393442623      -1441.8766228169     -282704.0563685260       5680.4066285570     267875.5566582165      -9284.1687657910       5132             0.00000548184328752562             0.00000000000000000000 
       38          0.2459016393      -1443.4189839581     -289761.2230220406     -17361.3872955280     224251.6071901288      15460.6130679077       5081             0.00000548184328752562             0.00000000000000000000 
       39          0.2524590164      -1444.9670169276     -254658.3380347018     -13102.9937536128     262433.2247213674      34625.1247728473       5429             0.00000548184328752562             0.00000000000000000000 
       40          0.2590163934      -1446.5963749550     -244892.6865454445      -4147.0691396608     233030.4260923816       5677.7176043793       5941             0.00000548184328752562             0.00000000000000000000 
       41          0.2655737705      -1448.2743922662     -241293.1244593762      28538.1591552048     201210.8314962348       -405.4800110978       6029             0.00000548184328752562             0.00000000000000000000 
       42          0.2721311475      -1449.9716376526     -230824.0179691100       3586.9368969778     202491.0111712716     -25571.3404658678       6405             0.00000548184328752562             0.00000000000000000000 
       43          0.2786885246      -1451.7047735588     -213990.1608233002     -13006.8532086024     229250.2589492614     -33343.5731579895       6536             0.00000548184328752562             0.00000000000000000000 
       44          0.2852459016      -1453.4987703233     -229418.7991448200      10118.7153419769     225455.1737897525       2031.8039072451       7137             0.00000548184328752562             0.00000000000000000000 
       45          0.2918032787      -1455.3476921182     -224636.9570774124       5839.5443155722     201757.1813738392      15277.2552682888       7281             0.00000548184328752562             0.00000000000000000000 
       46          0.2983606557      -1457.2450378221     -215013.3018588519      -7630.0134420054     197878.9814654114       8920.8211279973       7821             0.00000548184328752562             0.00000000000000000000 
       47          0.3049180328      -1459.1808017385     -202195.4529837348      -1701.9331136405     203403.4147353834      17596.3347340454       7921             0.00000548184328752562             0.00000000000000000000 
       48          0.3114754098      -1461.1548946963     -200792.3084787679       3097.1937245862     205420.3463330636      -5335.4678571971       8453             0.00000548184328752562             0.00000000000000000000 
       49          0.3180327869      -1463.1616426557     -197917.2764579328       2408.9339555043     207759.6653488496     -11839.0709288717       8500             0.00000548184328752562             0.00000000000000000000 
       50          0.3245901639      -1465.2211974350     -187894.8602282307       9901.7507623773     208312.1862475466     -16748.6679911506       9193             0.00000548184328752562             0.00000000000000000000 
       51          0.3311475410      -1467.3553276828     -170195.6906836128       5569.7371549525     209227.6507520967      -7231.7657297809       9529             0.00000548184328752562             0.00000000000000000000 
       52          0.3377049180      -1469.4980499983     -151607.1640558236       9665.1966378530     206318.3601734436      11010.5408928008       9589             0.00000548184328752562             0.00000000000000000000 
       53          0.3442622951      -1471.7022289534     -153385.2834169021      -3538.4810991951     200487.4859451485      20420.7443622786      10481             0.00000548184328752562             0.00000000000000000000 
       54          0.3508196721      -1473.9480647107     -149218.2583017205      -2794.0519331246     203735.4511848784      21989.6447144566      10249             0.00000548184328752562             0.00000000000000000000 
       55          0.3573770492      -1476.2161757969     -145368.3588134066       6363.5317029911     204663.3296813286       3722.4509839470      11068             0.00000548184328752562             0.00000000000000000000 
       56          0.3639344262      -1478.5859054903     -148040.8771996709       3001.7185524601     193819.8178816974     -11540.9396988559      11537             0.00000548184328752562             0.00000000000000000000 
       57          0.3704918033      -1480.9899690676     -144539.1530119328       -113.1278708834     178183.6382521964      -4332.7020925351      11801             0.00000548184328752562             0.00000000000000000000 
       58          0.3770491803      -1483.4087145637     -140914.6140055946       8650.8124192078     167434.3303808484      10324.2796446741      12053             0.00000548184328752562             0.00000000000000000000 
       59          0.3836065574      -1485.8903731771     -139598.6500673272       5523.6904096475     168692.5046556081       2962.5125291954      12809             0.00000548184328752562             0.00000000000000000000 
       60          0.3901639344      -1488.4251592866     -137158.1319687738      -1591.4605506274     172008.5317373421      -7456.6836150786      12969             0.00000548184328752562             0.00000000000000000000 
       61          0.3967213115           0           0           0           0           0           0           0           0 
