# No.          k            P0            P1           P2           P3           P4            Nk           Norm           SNois  
        1          0.0032786885        -51.5607152734          0.0000000000         -0.0000000000          0.0000000000          0.0000000000          1            17.56671283415553830309            51.56071527341982374537 
        2          0.0098360656      27835.8373824360        349.0533668845      46709.2034860928     -15398.8338658076      -3839.6943459951         13            17.56671283415553830309            51.56071527341982374537 
        3          0.0163934426      20633.3915521625     -14498.5865569652      -3868.4440523005     -18089.6014480760     -22835.9420653500         37            17.56671283415553830309            51.56071527341982374537 
        4          0.0229508197      24018.5937566774       7865.7693953832      14305.2800076865       7745.5163152080       7710.1297226623         53            17.56671283415553830309            51.56071527341982374537 
        5          0.0295081967      25998.5277658574        719.7515253895      27519.7074421333      -8311.3815763606       8144.6241997743         77            17.56671283415553830309            51.56071527341982374537 
        6          0.0360655738      23958.0427141982      -9408.0494706702      21266.6759339941     -10725.4402522427       1095.9852725588        117            17.56671283415553830309            51.56071527341982374537 
        7          0.0426229508      19934.6344466013      -4398.3714178582      12218.1670540535      -6052.1748337652      -5209.8420666784        180            17.56671283415553830309            51.56071527341982374537 
        8          0.0491803279      16417.1301659313      -2225.2173664354      13176.6336496267      -3254.8174402761      -1889.9192150235        209            17.56671283415553830309            51.56071527341982374537 
        9          0.0557377049      13544.9146987398       -642.3959198785       8744.4342138318      -8197.9012224469      -3349.9838983243        297            17.56671283415553830309            51.56071527341982374537 
       10          0.0622950820      13992.4745443911       1065.2832469467       7711.5562624343      -1842.7578706528       -514.1793392230        361            17.56671283415553830309            51.56071527341982374537 
       11          0.0688524590      12086.9216844945      -3730.0448942008       5985.9216684048      -1717.2052907270       3864.0061858535        405            17.56671283415553830309            51.56071527341982374537 
       12          0.0754098361       9709.1646388664      -1284.7796367690       2997.3672180285      -2831.2947796624       3125.8665966478        493            17.56671283415553830309            51.56071527341982374537 
       13          0.0819672131       9888.6227258807        489.7677496143       5445.4746301453      -1865.1198978781       -632.8806815959        632            17.56671283415553830309            51.56071527341982374537 
       14          0.0885245902       8439.8867825647      -1359.8962672320       1488.4531017117       -487.1526073720      -1908.6964756539        673            17.56671283415553830309            51.56071527341982374537 
       15          0.0950819672       7822.9991084006       -226.3619728691       2434.6967048930       2059.2627732923        -14.9688622754        805            17.56671283415553830309            51.56071527341982374537 
       16          0.1016393443       7299.1580483634       -459.3761215285       3632.5690182640        -48.4736810298       -824.2831764435        897            17.56671283415553830309            51.56071527341982374537 
       17          0.1081967213       6389.1018393847       -894.8531575133       3229.0520957972       -134.1929659189       -826.1479397578       1057            17.56671283415553830309            51.56071527341982374537 
       18          0.1147540984       5695.7252849433       -604.2925211814       3339.6979751063      -1140.6369421780        -28.1918219843       1121            17.56671283415553830309            51.56071527341982374537 
       19          0.1213114754       5194.2135854443        -95.9429611526       2161.4718368623       -890.8441965439       -752.0414515366       1384            17.56671283415553830309            51.56071527341982374537 
       20          0.1278688525       5143.3914975293       -112.9968363018       2859.2275193377        -64.5055000303        -73.0813448436       1401            17.56671283415553830309            51.56071527341982374537 
       21          0.1344262295       4601.6960072300       -694.5114927088       1945.4812046177      -1348.7884044915       -111.3203758873       1597            17.56671283415553830309            51.56071527341982374537 
       22          0.1409836066       4312.0052341417        162.7853187709       1627.7479170447       -422.5244490848       -589.2300714300       1629            17.56671283415553830309            51.56071527341982374537 
       23          0.1475409836       4022.6280163443       -285.1687333127       1534.5277563205       -333.2165100736        305.0994759804       1849            17.56671283415553830309            51.56071527341982374537 
       24          0.1540983607       3603.6790718452       -395.6113501977       1221.9393630178        -42.9168879791        786.6635329894       2165            17.56671283415553830309            51.56071527341982374537 
       25          0.1606557377       3381.9310529699       -131.4344043135       1534.6807645310         19.1439120551        810.0713523638       2272            17.56671283415553830309            51.56071527341982374537 
       26          0.1672131148       3219.4181750507       -108.5501535221       1496.1820070579       -573.6915260810       1004.0241284861       2481            17.56671283415553830309            51.56071527341982374537 
       27          0.1737704918       3016.2912110211       -193.5068586236       1236.0703646685       -693.7180627982        626.7225489577       2561            17.56671283415553830309            51.56071527341982374537 
       28          0.1803278689       2665.9536155663       -257.0766225078        885.4522680592       -157.3915036426        660.0189406319       2917            17.56671283415553830309            51.56071527341982374537 
       29          0.1868852459       2456.4793596016         49.4364725813        593.7972272454         32.0500650727        393.3527301676       3041            17.56671283415553830309            51.56071527341982374537 
       30          0.1934426230       2467.5332969752       -124.3060170449        694.0994506601        -21.6277236022        366.6645572487       3157            17.56671283415553830309            51.56071527341982374537 
       31          0.2000000000       2399.1560392266       -168.6051175170        640.4935793216        -85.7847927764        529.8090566766       3464            17.56671283415553830309            51.56071527341982374537 
       32          0.2065573770       2221.5523388292        -27.3642175598        536.6148436540       -137.7075645732        527.7500063293       3717            17.56671283415553830309            51.56071527341982374537 
       33          0.2131147541       2142.9270354644        -93.2476570660        536.9981676351       -277.1371006405        400.5874710178       3957            17.56671283415553830309            51.56071527341982374537 
       34          0.2196721311       2039.8593260252        -60.6809348267        354.9495586744        100.4148123024        338.7250262163       4133            17.56671283415553830309            51.56071527341982374537 
       35          0.2262295082       1843.5712924965       -117.3572934287        281.0409188935        -64.5511643127        468.0339513687       4405            17.56671283415553830309            51.56071527341982374537 
       36          0.2327868852       1761.3265128474        -54.4639427264        363.9400550026       -187.6648645856        291.8400055570       4713            17.56671283415553830309            51.56071527341982374537 
       37          0.2393442623       1657.7755174419        -79.6273279672        293.5687378213        -54.2685490895        248.4068979254       5132            17.56671283415553830309            51.56071527341982374537 
       38          0.2459016393       1605.8882984825        -28.7188053543        253.7042784377          7.6650636833        358.3999981996       5081            17.56671283415553830309            51.56071527341982374537 
       39          0.2524590164       1545.0826627854        -65.0143563587        157.4107469026        -43.7394741223        345.2624027367       5429            17.56671283415553830309            51.56071527341982374537 
       40          0.2590163934       1461.8011554716        -45.4556522565        143.6739026686        -49.6129382014        270.9953751771       5941            17.56671283415553830309            51.56071527341982374537 
       41          0.2655737705       1384.2238480482        -48.7615908178         59.8189811917        -70.5469436753        299.0350158559       6029            17.56671283415553830309            51.56071527341982374537 
       42          0.2721311475       1324.4940287097        -37.3732204688         38.0684976035        -99.8193075941        390.6002714544       6405            17.56671283415553830309            51.56071527341982374537 
       43          0.2786885246       1278.7894493140        -16.7923563761         39.2815536147        -22.5079828344        393.6115948423       6536            17.56671283415553830309            51.56071527341982374537 
       44          0.2852459016       1230.9838081057        -65.8026991297        -55.8605929302        -44.1440719317        449.2181004971       7137            17.56671283415553830309            51.56071527341982374537 
       45          0.2918032787       1176.6149584062        -16.2469354717        -91.1572676568        -46.6213800434        428.7102918343       7281            17.56671283415553830309            51.56071527341982374537 
       46          0.2983606557       1141.3526006543        -21.6952933715       -145.0983857245        -37.4739862185        416.8185897886       7821            17.56671283415553830309            51.56071527341982374537 
       47          0.3049180328       1087.1781791782        -41.6496314040       -166.1774628129        -87.3330516790        384.8097625902       7921            17.56671283415553830309            51.56071527341982374537 
       48          0.3114754098       1025.1465510173        -23.4038018409       -201.3556306273         -5.0547742595        314.1159663352       8453            17.56671283415553830309            51.56071527341982374537 
       49          0.3180327869       1000.6697440074        -26.4851674922       -203.9744872956         -3.3152254699        381.4690051110       8500            17.56671283415553830309            51.56071527341982374537 
       50          0.3245901639        947.1054828917        -45.4772853678       -220.7709267698        -28.3090518764        387.7611996200       9193            17.56671283415553830309            51.56071527341982374537 
       51          0.3311475410        919.5980602297        -10.8687021098       -169.7060011600          5.0672739696        349.6575178843       9529            17.56671283415553830309            51.56071527341982374537 
       52          0.3377049180        877.7209044973        -38.6004059997       -181.1659615761        -27.5428760026        396.5103208334       9589            17.56671283415553830309            51.56071527341982374537 
       53          0.3442622951        847.2738396993          9.5147938424       -197.1907722120        -54.3593827509        407.7611475797      10481            17.56671283415553830309            51.56071527341982374537 
       54          0.3508196721        841.8138738732        -15.4723801211       -256.5238292605        -37.7351841019        385.9044757240      10249            17.56671283415553830309            51.56071527341982374537 
       55          0.3573770492        796.8857326973        -42.4188807762       -273.4992825163         -5.2770814611        352.1240346039      11068            17.56671283415553830309            51.56071527341982374537 
       56          0.3639344262        756.2421221557        -24.8566140010       -247.3210222534          9.2070316394        376.4406514097      11537            17.56671283415553830309            51.56071527341982374537 
       57          0.3704918033        733.7105759723          0.3865396598       -260.7618854645         -7.5252823147        382.0808675168      11801            17.56671283415553830309            51.56071527341982374537 
       58          0.3770491803        729.1107842059         -4.5512382490       -221.8855462521        -17.4567844537        392.9361889248      12053            17.56671283415553830309            51.56071527341982374537 
       59          0.3836065574        699.3115163732        -42.9462056377       -246.0213847781          1.2725929136        378.3874690349      12809            17.56671283415553830309            51.56071527341982374537 
       60          0.3901639344        654.5491235885        -29.8482291539       -262.2079330996          3.2327303225        383.7919523594      12969            17.56671283415553830309            51.56071527341982374537 
       61          0.3967213115           0           0           0           0           0           0           0           0 
