# No.          k            P0            P1           P2           P3           P4            Nk           Norm           SNois  
        1          0.0032786885        -29.0035239154          0.0000000000         -0.0000000000          0.0000000000          0.0000000000          1            16.77802886132693771515            29.00352391539042784530 
        2          0.0098360656      25082.8208890430       1795.5985697672      41585.9110429669     -13386.9047148482      -4130.1930991262         13            16.77802886132693771515            29.00352391539042784530 
        3          0.0163934426      17741.6417572484     -10680.7610941049      -4881.4990011184     -12705.3126238685     -18865.2431938359         37            16.77802886132693771515            29.00352391539042784530 
        4          0.0229508197      22263.9045380150       8822.3082831259      11639.5867389757      10152.3211349854       8972.0731293890         53            16.77802886132693771515            29.00352391539042784530 
        5          0.0295081967      25004.5361454749        442.5976057430      25251.4132369629      -6642.5997598257       7760.2819567168         77            16.77802886132693771515            29.00352391539042784530 
        6          0.0360655738      22989.2990970531      -8378.0780380762      19561.3882923523      -9597.5319118533         18.9084005072        117            16.77802886132693771515            29.00352391539042784530 
        7          0.0426229508      19319.2947094752      -4647.0688276526      11110.5371829233      -4833.9388570159      -4890.5424017309        180            16.77802886132693771515            29.00352391539042784530 
        8          0.0491803279      15594.4427936574      -2253.3315040541      11879.0686983929      -2304.8162991702      -1202.5681902651        209            16.77802886132693771515            29.00352391539042784530 
        9          0.0557377049      13136.3970342492       -565.0714277621       8432.9823767396      -7364.5443348347      -3300.6831942491        297            16.77802886132693771515            29.00352391539042784530 
       10          0.0622950820      13502.4848419435        969.7624914583       7576.7032891676      -1532.4747751086       -467.5632101132        361            16.77802886132693771515            29.00352391539042784530 
       11          0.0688524590      11740.3492695607      -3493.7934501585       6197.8102305972      -1676.4264670054       4072.3971306587        405            16.77802886132693771515            29.00352391539042784530 
       12          0.0754098361       9400.6850281214      -1322.2333097133       3261.6804007585      -2995.6783343755       3127.3532454359        493            16.77802886132693771515            29.00352391539042784530 
       13          0.0819672131       9509.5516282683        424.6095227741       5305.2510498370      -1823.0451775089       -487.1099311924        632            16.77802886132693771515            29.00352391539042784530 
       14          0.0885245902       8007.9597868900      -1327.0578073390       1471.1670605032       -498.4579514811      -1837.5446020572        673            16.77802886132693771515            29.00352391539042784530 
       15          0.0950819672       7450.7992210109       -225.7423817612       2239.8332461782       1954.8713518414       -142.8531159113        805            16.77802886132693771515            29.00352391539042784530 
       16          0.1016393443       6900.7301820947       -441.7946762700       3300.3487730353         50.7469349242       -815.6055903142        897            16.77802886132693771515            29.00352391539042784530 
       17          0.1081967213       6105.6707491628       -810.5406188674       3017.8072535149       -103.8169251387       -871.1606772401       1057            16.77802886132693771515            29.00352391539042784530 
       18          0.1147540984       5434.2151570656       -615.9131887292       3193.6510082269       -932.9797734763        -36.9108383448       1121            16.77802886132693771515            29.00352391539042784530 
       19          0.1213114754       4941.7298730764        -81.3251607044       2231.4482802247       -898.8035525725       -544.7861507083       1384            16.77802886132693771515            29.00352391539042784530 
       20          0.1278688525       4893.0216738388        -98.6451548294       2870.8113082794       -146.4033476069        -21.4690647035       1401            16.77802886132693771515            29.00352391539042784530 
       21          0.1344262295       4329.6446255221       -740.4595061558       1941.9365764923      -1353.7938845443        -60.3186556354       1597            16.77802886132693771515            29.00352391539042784530 
       22          0.1409836066       4006.3370532327        178.0186175659       1604.6422072810       -395.0227695738       -434.4835979833       1629            16.77802886132693771515            29.00352391539042784530 
       23          0.1475409836       3797.2354923243       -229.7248595062       1578.5396307079       -336.9865864111        400.2081368456       1849            16.77802886132693771515            29.00352391539042784530 
       24          0.1540983607       3378.9558866566       -390.4752161763       1197.1160344889        -56.2636160045        665.6087362337       2165            16.77802886132693771515            29.00352391539042784530 
       25          0.1606557377       3182.4907604514       -117.2907887468       1505.2113329516         29.0632251344        683.5372097782       2272            16.77802886132693771515            29.00352391539042784530 
       26          0.1672131148       3022.4196194901       -145.9750922319       1532.5140942188       -553.8745849078        964.2443697368       2481            16.77802886132693771515            29.00352391539042784530 
       27          0.1737704918       2824.1668977768       -165.4335809815       1228.6610540528       -708.1136383529        619.9324731821       2561            16.77802886132693771515            29.00352391539042784530 
       28          0.1803278689       2515.3669074681       -226.1188317013        864.8607124051       -138.4337026583        587.8573512773       2917            16.77802886132693771515            29.00352391539042784530 
       29          0.1868852459       2318.0164056867         33.3223456688        601.4699735807         32.4892402035        408.2104647896       3041            16.77802886132693771515            29.00352391539042784530 
       30          0.1934426230       2320.4830404438       -113.5471634408        686.6352779499        -56.9704837524        307.2375633001       3157            16.77802886132693771515            29.00352391539042784530 
       31          0.2000000000       2251.3864394684       -145.2769290597        628.1629049541        -69.0691947073        432.7895315951       3464            16.77802886132693771515            29.00352391539042784530 
       32          0.2065573770       2084.7606919036        -44.0846951670        540.7892276643       -132.3159845925        471.6247843904       3717            16.77802886132693771515            29.00352391539042784530 
       33          0.2131147541       2007.2441983187        -86.0198758394        527.0108178327       -272.2436406896        340.8618951783       3957            16.77802886132693771515            29.00352391539042784530 
       34          0.2196721311       1904.0756168599        -65.3969330973        374.5438647141         69.9625638347        311.8255051884       4133            16.77802886132693771515            29.00352391539042784530 
       35          0.2262295082       1707.5575474320       -122.7989687842        274.8357571450        -61.9451355593        462.4012052059       4405            16.77802886132693771515            29.00352391539042784530 
       36          0.2327868852       1634.9284771952        -42.1210980527        356.1422560513       -179.9878498735        301.3030364797       4713            16.77802886132693771515            29.00352391539042784530 
       37          0.2393442623       1546.4275851728        -71.9209793373        301.4551578706        -38.8799768364        271.1188461098       5132            16.77802886132693771515            29.00352391539042784530 
       38          0.2459016393       1486.2717815520        -35.4463574513        267.7037253006         11.6657671756        354.7466080634       5081            16.77802886132693771515            29.00352391539042784530 
       39          0.2524590164       1430.7415303288        -56.2500901363        187.4220866173        -54.2137114912        367.0867737446       5429            16.77802886132693771515            29.00352391539042784530 
       40          0.2590163934       1360.2376097555        -32.7734338246        164.4464045578        -51.2835122331        269.7565969715       5941            16.77802886132693771515            29.00352391539042784530 
       41          0.2655737705       1303.7680946900        -39.3861110435         85.2913207331        -63.6999192061        310.7670525119       6029            16.77802886132693771515            29.00352391539042784530 
       42          0.2721311475       1240.5804585755        -45.6223602113         41.1987428823        -94.6575169852        358.3639619373       6405            16.77802886132693771515            29.00352391539042784530 
       43          0.2786885246       1187.5044167994        -21.0167627665         38.8212050911        -13.0549723001        360.5190951177       6536            16.77802886132693771515            29.00352391539042784530 
       44          0.2852459016       1134.6264864223        -59.5792398412        -50.7300681199        -53.1536067032        402.9138328061       7137            16.77802886132693771515            29.00352391539042784530 
       45          0.2918032787       1097.8844053948         -5.8728314508        -58.3180926044        -52.3424947777        393.1023799078       7281            16.77802886132693771515            29.00352391539042784530 
       46          0.2983606557       1062.4182449161        -29.8028585244       -130.4321326510        -37.4106443293        372.2059751144       7821            16.77802886132693771515            29.00352391539042784530 
       47          0.3049180328       1000.0081998413        -40.5409980041       -161.2770904409        -72.0927423405        346.1634750789       7921            16.77802886132693771515            29.00352391539042784530 
       48          0.3114754098        946.7637223643        -24.6289208696       -183.3984636542          0.9255431351        281.0743712441       8453            16.77802886132693771515            29.00352391539042784530 
       49          0.3180327869        914.3261007776        -32.1470358857       -190.1490811217         -6.0098496140        340.6674398418       8500            16.77802886132693771515            29.00352391539042784530 
       50          0.3245901639        863.0777215232        -42.0229189041       -200.3850324830        -18.2543883945        348.4191331660       9193            16.77802886132693771515            29.00352391539042784530 
       51          0.3311475410        840.9914514540         -4.5657073582       -150.9963471267          7.2880812394        318.0155415631       9529            16.77802886132693771515            29.00352391539042784530 
       52          0.3377049180        802.7317919498        -37.7668539672       -169.2946789463        -24.5016896021        359.2553514009       9589            16.77802886132693771515            29.00352391539042784530 
       53          0.3442622951        772.6426879284          4.5961173609       -170.8541670770        -47.4938686756        363.9005974430      10481            16.77802886132693771515            29.00352391539042784530 
       54          0.3508196721        763.1036450323        -15.8944248518       -230.4878039968        -34.9613644598        341.1031601811      10249            16.77802886132693771515            29.00352391539042784530 
       55          0.3573770492        723.6770331349        -35.5433648187       -244.3852884990         -2.6566960444        308.2017687499      11068            16.77802886132693771515            29.00352391539042784530 
       56          0.3639344262        688.7971839598        -23.6097427557       -219.8053777048          5.0252695122        321.7134228384      11537            16.77802886132693771515            29.00352391539042784530 
       57          0.3704918033        668.1181188934         -2.2456091044       -246.0488296312         -8.6257804319        332.0608567892      11801            16.77802886132693771515            29.00352391539042784530 
       58          0.3770491803        662.2679716606         -2.5087541035       -198.1785436684        -15.1689730879        341.6121550706      12053            16.77802886132693771515            29.00352391539042784530 
       59          0.3836065574        635.6447594400        -37.1304340468       -221.1476710622          0.0605388920        341.7127775042      12809            16.77802886132693771515            29.00352391539042784530 
       60          0.3901639344        596.8102393785        -26.1434568632       -231.5340658995          1.1965542251        347.1442456457      12969            16.77802886132693771515            29.00352391539042784530 
       61          0.3967213115           0           0           0           0           0           0           0           0 
