# No.          k            P0            P1           P2           P3           P4            Nk           Norm           SNois  
        1          0.0032786885     236968875240.9801635742          0.0000000000     -592899208419.7537841797          0.0000000000     800413931366.6677246094          1             0.00000000000164767738     190808126.92135292291641235352 
        2          0.0098360656     195268170917.7868347168     -120811945576.2384338379     -31399891750.7190132141     20035890747.6822204590     8251281764.4309644699         13             0.00000000000164767738     190808126.92135292291641235352 
        3          0.0163934426     66184361163.8430709839     -62776844709.6769104004     -5535105444.7178964615     -17397525738.8879432678     9745143887.5374183655         37             0.00000000000164767738     190808126.92135292291641235352 
        4          0.0229508197     29622596892.7945327759     -12018962442.9237365723     46003610305.7649536133     -58338316529.0525054932     -38498329647.8790893555         53             0.00000000000164767738     190808126.92135292291641235352 
        5          0.0295081967     19971112774.1061134338     -8637293521.3066825867     25540071184.9434509277     -32544353149.8385467529     -27128521153.5218162537         77             0.00000000000164767738     190808126.92135292291641235352 
        6          0.0360655738     12753047621.2971458435     -2675651967.9534497261     20693423155.9282188416     -10250751935.6819477081     3307711787.2911653519        117             0.00000000000164767738     190808126.92135292291641235352 
        7          0.0426229508     9114481995.0883483887     -3096745307.5870976448     14631234225.9039077759     -11068269297.9340782166     3086753928.8319134712        180             0.00000000000164767738     190808126.92135292291641235352 
        8          0.0491803279     5798247694.6354608536     -1493293110.5342345238     8660734839.2684020996     -6468967174.8713159561     -930393226.8603425026        209             0.00000000000164767738     190808126.92135292291641235352 
        9          0.0557377049     4544687788.3613243103     -1193155276.4705729485     6893151401.5468358994     -3292296567.0602545738     2126111075.4027533531        297             0.00000000000164767738     190808126.92135292291641235352 
       10          0.0622950820     2725865439.4561800957     -940656506.3464764357     3277066684.2291760445     -1362282295.7588617802     1994581221.2829551697        361             0.00000000000164767738     190808126.92135292291641235352 
       11          0.0688524590     2121366110.3030180931     -84320320.7354470044     3109151355.9116373062     -1373683880.9117083549     1177157226.8917281628        405             0.00000000000164767738     190808126.92135292291641235352 
       12          0.0754098361     1820335915.0690715313     -596437775.4306372404     2257891199.8188285828     -852613791.5859524012     587991295.1379263401        493             0.00000000000164767738     190808126.92135292291641235352 
       13          0.0819672131     1079987897.2903990746     -289736337.0082942843     1250588214.1343045235     -807172837.3203203678     245367112.1395609677        632             0.00000000000164767738     190808126.92135292291641235352 
       14          0.0885245902     890913274.9540663958     -13592987.7764378823     953990471.6236250401     -637233022.8633030653     191314578.3887189925        673             0.00000000000164767738     190808126.92135292291641235352 
       15          0.0950819672     803636358.1588947773     -57190477.3866607025     677226551.9666709900     -63896021.3120804504     235504174.9010967314        805             0.00000000000164767738     190808126.92135292291641235352 
       16          0.1016393443     746256309.9966007471     -69038131.3970529735     921327561.8504681587     82679870.3655193746     566714174.6862690449        897             0.00000000000164767738     190808126.92135292291641235352 
       17          0.1081967213     615691260.4005857706     -129635969.2870607525     799547657.4992281199     -136017851.6343785226     371246763.0189226270       1057             0.00000000000164767738     190808126.92135292291641235352 
       18          0.1147540984     512271637.1099554300     25421921.9384809472     623468096.1431574821     -187822491.7168622315     226386704.8929713964       1121             0.00000000000164767738     190808126.92135292291641235352 
       19          0.1213114754     517060501.6243950129     -104560411.1938272566     591365606.2667036057     -279135632.9120391011     125758469.6125265509       1384             0.00000000000164767738     190808126.92135292291641235352 
       20          0.1278688525     399062474.6398365498     -14241346.1532842554     384997285.6128794551     -8953289.0719346590     234477087.2875819802       1401             0.00000000000164767738     190808126.92135292291641235352 
       21          0.1344262295     380051696.0660747886     -29139793.5584502444     342800385.7337492704     -115308600.1679400951     130936448.1991641372       1597             0.00000000000164767738     190808126.92135292291641235352 
       22          0.1409836066     359263124.0609652400     6215565.8780665053     281869900.6340426207     -983320.6235286853     153609333.8671588302       1629             0.00000000000164767738     190808126.92135292291641235352 
       23          0.1475409836     361013200.1205227375     -1205717.6408308784     272050068.7799290419     -34965329.0015400872     30074403.6322520003       1849             0.00000000000164767738     190808126.92135292291641235352 
       24          0.1540983607     334024254.0664355755     -24424660.5214892440     244843051.6943323016     -9182837.1917490568     -51795921.5174552575       2165             0.00000000000164767738     190808126.92135292291641235352 
       25          0.1606557377     311594659.3571881056     -12269313.1323982570     202217074.6215883791     23936489.1082657017     -73234971.0196923763       2272             0.00000000000164767738     190808126.92135292291641235352 
       26          0.1672131148     301362042.4049807787     -9539580.8997279368     228002731.0941387117     -24319172.2600008547     18541602.2521615587       2481             0.00000000000164767738     190808126.92135292291641235352 
       27          0.1737704918     284001142.6761222482     -9527900.3369793557     187792556.2563085258     -52973171.4819582626     -47618779.3626031876       2561             0.00000000000164767738     190808126.92135292291641235352 
       28          0.1803278689     265478721.8924774826     -22814400.9290830009     176817194.2507272959     -38643405.8690747768     -10093845.7497512437       2917             0.00000000000164767738     190808126.92135292291641235352 
       29          0.1868852459     250196393.7400358021     10674244.1755766273     120511985.4574433118     -59720073.4367446452     35731760.3838251457       3041             0.00000000000164767738     190808126.92135292291641235352 
       30          0.1934426230     257884383.3498613238     -12333588.6518948227     105019183.9300317317     -37760716.3399500847     2285483.0827410142       3157             0.00000000000164767738     190808126.92135292291641235352 
       31          0.2000000000     228862112.9604810774     -9626870.1283913273     88517110.6922599673     -276838.2480010362     9155325.8973193429       3464             0.00000000000164767738     190808126.92135292291641235352 
       32          0.2065573770     216680485.5181348920     -15463079.9245419782     60837366.5031344965     -3127881.6379466234     28086654.0584994368       3717             0.00000000000164767738     190808126.92135292291641235352 
       33          0.2131147541     213407999.7663920224     9985272.9319048692     65329097.0390197039     7687771.0249814102     16485919.5462114643       3957             0.00000000000164767738     190808126.92135292291641235352 
       34          0.2196721311     218719874.6146402061     -9914686.1693639029     52692122.1839997917     -28215563.3600073829     52412956.1073628664       4133             0.00000000000164767738     190808126.92135292291641235352 
       35          0.2262295082     201174300.0659530759     3257403.8374364506     42417967.7158543468     1238607.7271184886     -16721106.8112780824       4405             0.00000000000164767738     190808126.92135292291641235352 
       36          0.2327868852     213152048.5765063763     -4859236.6512936270     43726569.7139754742     -2947314.1048276951     -255727.2146884713       4713             0.00000000000164767738     190808126.92135292291641235352 
       37          0.2393442623     211726362.6877781451     9638319.5964945201     30118553.4819217809     -2413395.3929669023     16338062.6980744097       5132             0.00000000000164767738     190808126.92135292291641235352 
       38          0.2459016393     203374129.1284337938     -3419230.8206734769     -3858693.5445238389     -25107468.4032829814     -6229591.9041738873       5081             0.00000000000164767738     190808126.92135292291641235352 
       39          0.2524590164     217807813.2257792950     6854782.7941509029     -3734835.5597366639     -13331184.2664055359     -42489553.3042984679       5429             0.00000000000164767738     190808126.92135292291641235352 
       40          0.2590163934     195159423.8134722412     -24797107.1928297691     -28126548.9815804623     2654986.4269761168     -49068214.7881798074       5941             0.00000000000164767738     190808126.92135292291641235352 
       41          0.2655737705     185301141.0721690059     3409490.2561243162     -16501214.5095876362     25184723.0977906585     -30753219.9169179276       6029             0.00000000000164767738     190808126.92135292291641235352 
       42          0.2721311475     185762878.5955131352     769404.5578939875     -21842033.3789730109     -1389318.8031379769     -14696225.6458278149       6405             0.00000000000164767738     190808126.92135292291641235352 
       43          0.2786885246     174128842.2017506659     -6652550.1774861710     -38553763.4341380969     -20555276.7355576977     -36344108.1578388959       6536             0.00000000000164767738     190808126.92135292291641235352 
       44          0.2852459016     182780576.5433719158     8804417.4634655751     -56959657.6698554829     -3482705.8445304125     -40283494.7201079354       7137             0.00000000000164767738     190808126.92135292291641235352 
       45          0.2918032787     172440470.7692392766     -9461743.1025201585     -60014049.3988443241     12262246.8996728100     -42479043.4604614973       7281             0.00000000000164767738     190808126.92135292291641235352 
       46          0.2983606557     164380596.8912788033     -6686700.8787284959     -62657372.1869212165     1514380.9005973295     -48015790.5169296488       7821             0.00000000000164767738     190808126.92135292291641235352 
       47          0.3049180328     160641147.3414711356     6635670.8776851026     -72351260.2338482141     -4057003.5224502804     -52359645.1076341718       7921             0.00000000000164767738     190808126.92135292291641235352 
       48          0.3114754098     169489286.2752046883     7644600.2426867336     -65485744.4225853458     -9114526.9966559764     -50530460.9901749417       8453             0.00000000000164767738     190808126.92135292291641235352 
       49          0.3180327869     162230806.7387003601     -17901252.1282312348     -72984523.4773545563     4614482.7880290402     -24555167.4027117789       8500             0.00000000000164767738     190808126.92135292291641235352 
       50          0.3245901639     151843381.6339289546     -4478211.4282635795     -77511213.5811352283     -5460381.4154047212     -12168555.7483723182       9193             0.00000000000164767738     190808126.92135292291641235352 
       51          0.3311475410     142244169.1919982731     -1443987.6548263442     -71790072.9248782843     4417829.6863552136     -28562175.7772587389       9529             0.00000000000164767738     190808126.92135292291641235352 
       52          0.3377049180     141413285.4481343627     2564855.1613959013     -78389285.8185030073     -889568.0067013577     -10669007.2501773089       9589             0.00000000000164767738     190808126.92135292291641235352 
       53          0.3442622951     139671120.3369995356     -6278566.7343814475     -74065092.1051086634     2366286.5648110914     -22097617.6870873459      10481             0.00000000000164767738     190808126.92135292291641235352 
       54          0.3508196721     133972204.6018001288     -3870028.8715943270     -89598807.0356242508     -919580.2702296328     -19899535.2927429788      10249             0.00000000000164767738     190808126.92135292291641235352 
       55          0.3573770492     129037528.0953450054     -600018.2543619459     -79416099.6182249784     8751329.2089385949     -14519444.1219083611      11068             0.00000000000164767738     190808126.92135292291641235352 
       56          0.3639344262     126388579.8485184908     630929.5011643902     -77447050.8861074448     5934895.7220152980     -12934991.7187827229      11537             0.00000000000164767738     190808126.92135292291641235352 
       57          0.3704918033     127449631.1446020305     -2722814.1531896568     -75677641.8967385441     -2628934.4976353669     -2380802.3008934832      11801             0.00000000000164767738     190808126.92135292291641235352 
       58          0.3770491803     127355704.6270345747     3993873.3384183263     -78625598.1131076217     -7369503.2785415081     -4040054.0011285166      12053             0.00000000000164767738     190808126.92135292291641235352 
       59          0.3836065574     120275077.9450732172     -6811008.1572065493     -77910722.6831786484     -2470442.3633675817     20975296.7547888532      12809             0.00000000000164767738     190808126.92135292291641235352 
       60          0.3901639344     117848670.5603189915     -2376450.8956029951     -84738626.8550712764     -8905225.9030537307     21361289.8954329938      12969             0.00000000000164767738     190808126.92135292291641235352 
       61          0.3967213115           0           0           0           0           0           0           0           0 
