# No.          k            P0            P1           P2           P3           P4            Nk           Norm           SNois  
        1          0.0032786885     249950733673.7586669922          0.0000000000     -625504844585.9714355469          0.0000000000     844431540191.0615234375          1             0.00000000000171065618     251204160.62992858886718750000 
        2          0.0098360656     207758632572.3389587402     -130544748342.7451629639     -31126789376.3613815308     19910320358.9337234497     7186289754.8808307648         13             0.00000000000171065618     251204160.62992858886718750000 
        3          0.0163934426     69246686862.3499908447     -67038630464.4701385498     -7083737494.2164850235     -18255525386.1457252502     8942343699.3247299194         37             0.00000000000171065618     251204160.62992858886718750000 
        4          0.0229508197     30530069909.8318443298     -12737811461.7905044556     48876156311.1481704712     -62633336611.7106170654     -42608690566.2667388916         53             0.00000000000171065618     251204160.62992858886718750000 
        5          0.0295081967     20603352312.8865089417     -8740506345.2383575439     27265585066.2087326050     -34776728759.9291839600     -29791198890.0382728577         77             0.00000000000171065618     251204160.62992858886718750000 
        6          0.0360655738     13486452711.8404216766     -2955061736.9108052254     22439785447.3644065857     -10671696444.2226257324     3610162239.6105146408        117             0.00000000000171065618     251204160.62992858886718750000 
        7          0.0426229508     9612714638.4534378052     -3367898116.0582923889     15910591405.7355365753     -11789932001.0011901855     3332070094.2114405632        180             0.00000000000171065618     251204160.62992858886718750000 
        8          0.0491803279     6152839271.8587007523     -1539733965.9839637280     10019468301.3261661530     -7731937698.4685058594     -806454899.3080433607        209             0.00000000000171065618     251204160.62992858886718750000 
        9          0.0557377049     4836429127.3763275146     -1208177436.2524814606     7687205299.2035913467     -4131601198.7272243500     2203664776.8243312836        297             0.00000000000171065618     251204160.62992858886718750000 
       10          0.0622950820     2901444153.8391518593     -968588021.2650756836     3602873159.4385786057     -1744783518.3199288845     2138529314.1944632530        361             0.00000000000171065618     251204160.62992858886718750000 
       11          0.0688524590     2229423756.5961661339     -47715419.4355590716     3142892908.1558699608     -1390717623.6648263931     1295302185.5292377472        405             0.00000000000171065618     251204160.62992858886718750000 
       12          0.0754098361     1968069106.5144853592     -637507488.3426320553     2247337757.3105864525     -897985386.8211976290     597707872.8057142496        493             0.00000000000171065618     251204160.62992858886718750000 
       13          0.0819672131     1170389457.6811685562     -308379874.1893849969     1134647697.5605545044     -675206594.4937610626     225468283.4390860796        632             0.00000000000171065618     251204160.62992858886718750000 
       14          0.0885245902     984070340.3945329189     -30342090.8943466470     983850544.3060224056     -651049899.9055089951     242547256.8536678255        673             0.00000000000171065618     251204160.62992858886718750000 
       15          0.0950819672     850720390.9322742224     -62842905.4367299825     667915599.5676872730     -112889380.0538862944     240106054.1294043958        805             0.00000000000171065618     251204160.62992858886718750000 
       16          0.1016393443     789120720.5107915401     -57535771.6586280167     910872050.2367514372     60706204.2830844820     547515429.7934452295        897             0.00000000000171065618     251204160.62992858886718750000 
       17          0.1081967213     639725835.1487363577     -155070507.8177756965     771628973.4789816141     -127634638.8070596755     383164460.3145054579       1057             0.00000000000171065618     251204160.62992858886718750000 
       18          0.1147540984     539148737.1783860922     47253453.4698616639     595040340.6257030964     -177892510.6222532094     259056611.8858344555       1121             0.00000000000171065618     251204160.62992858886718750000 
       19          0.1213114754     580718762.8146158457     -92084019.7045133859     570711123.7404104471     -298050186.4970043302     118671752.2755387127       1384             0.00000000000171065618     251204160.62992858886718750000 
       20          0.1278688525     453405643.6096552610     -34362634.5656519905     372688368.6825879216     17011127.8873399384     266001193.1570273936       1401             0.00000000000171065618     251204160.62992858886718750000 
       21          0.1344262295     424844688.0976058841     -28162155.8550802283     360874649.1661295295     -95544528.7990427762     149758076.6982101798       1597             0.00000000000171065618     251204160.62992858886718750000 
       22          0.1409836066     396000391.8403311968     -8437893.7247539423     337028889.7918238044     16261616.6800735593     133568258.7640287876       1629             0.00000000000171065618     251204160.62992858886718750000 
       23          0.1475409836     377979891.9605311155     -9520822.7859806940     290825405.2583441138     -50635910.7644440085     -2677469.8141738647       1849             0.00000000000171065618     251204160.62992858886718750000 
       24          0.1540983607     358196946.5119956136     -671582.6445047739     276746523.1113457084     -29435097.9416614622     -96341103.3297626525       2165             0.00000000000171065618     251204160.62992858886718750000 
       25          0.1606557377     349390408.0971149802     -12354231.0367482528     204951346.4126214087     9841646.4888249692     -81504982.8473628908       2272             0.00000000000171065618     251204160.62992858886718750000 
       26          0.1672131148     333957197.6075564623     -17875707.4753482677     227067658.8911011517     -18385427.8790069297     8970910.2192971744       2481             0.00000000000171065618     251204160.62992858886718750000 
       27          0.1737704918     310269398.5209393501     -14764216.3694071136     193708880.8436825573     -49466959.2895079851     -51755731.0218441188       2561             0.00000000000171065618     251204160.62992858886718750000 
       28          0.1803278689     287181977.8497644067     -19273704.8656642921     194870003.7425101995     -37518292.3814532608     -17791905.1583860032       2917             0.00000000000171065618     251204160.62992858886718750000 
       29          0.1868852459     266630306.5473549366     5158056.5817511538     113343708.5341495425     -80048028.0868665129     46933064.1522180662       3041             0.00000000000171065618     251204160.62992858886718750000 
       30          0.1934426230     277221774.0447168350     -7898331.5783679960     100031025.6895472556     -24552110.9018698595     -5070303.0760251367       3157             0.00000000000171065618     251204160.62992858886718750000 
       31          0.2000000000     242166707.8668875694     -10176494.6661176793     82963145.5822709352     -414840.7213136771     9333962.1880795974       3464             0.00000000000171065618     251204160.62992858886718750000 
       32          0.2065573770     227217003.5404354632     -15459583.8857507743     50379889.1589987129     -16474142.2981254514     25926978.7500248142       3717             0.00000000000171065618     251204160.62992858886718750000 
       33          0.2131147541     231070962.1028695405     7397865.7375656990     56489304.6608675867     -5103207.0380702922     16012952.9045950826       3957             0.00000000000171065618     251204160.62992858886718750000 
       34          0.2196721311     235662140.5949017406     -5437367.6459329622     40358286.3541825563     -12799902.4936865363     52725221.6806769222       4133             0.00000000000171065618     251204160.62992858886718750000 
       35          0.2262295082     218343004.4175096154     -806445.9664449588     46590469.1920849904     14294373.5066515654     1039807.8278560205       4405             0.00000000000171065618     251204160.62992858886718750000 
       36          0.2327868852     235798095.7341365814     -3017367.7559111496     49307033.7736590356     4900231.4677017508     16803660.1139058433       4713             0.00000000000171065618     251204160.62992858886718750000 
       37          0.2393442623     229792239.7319236994     8561310.6443818863     37408848.2908673808     -13568309.9824278764     34269443.2663154304       5132             0.00000000000171065618     251204160.62992858886718750000 
       38          0.2459016393     218106023.9074822366     -4839087.2530931905     -15735033.3771826774     -41749198.5326438323     2885096.8215140100       5081             0.00000000000171065618     251204160.62992858886718750000 
       39          0.2524590164     241307721.3154004812     14472999.6970332600     -9691883.0746035017     -12125042.1844700892     -37753640.7125358805       5429             0.00000000000171065618     251204160.62992858886718750000 
       40          0.2590163934     211585505.9502189755     -33795042.4176486731     -42254442.8111800104     10836626.0891251024     -28107454.1604411677       5941             0.00000000000171065618     251204160.62992858886718750000 
       41          0.2655737705     196775682.1560912132     9243509.6603444964     -30311604.3285303228     29597368.5347410776     -7365808.2181402575       6029             0.00000000000171065618     251204160.62992858886718750000 
       42          0.2721311475     201752821.4911130667     -902935.0725919646     -22981935.0491686910     -3958334.3898192835     -7884504.7842509458       6405             0.00000000000171065618     251204160.62992858886718750000 
       43          0.2786885246     188260126.2746747434     -9873966.7422729731     -42237149.4258209988     -15873032.6939864513     -20183441.9489060007       6536             0.00000000000171065618     251204160.62992858886718750000 
       44          0.2852459016     195560866.6709828675     10646042.8793574274     -62065595.2849699184     -4481446.4514744719     -23301359.9735399522       7137             0.00000000000171065618     251204160.62992858886718750000 
       45          0.2918032787     181292823.6113318801     -15401615.0225326642     -65110680.3634575382     6568814.0248772223     -33685628.9952961877       7281             0.00000000000171065618     251204160.62992858886718750000 
       46          0.2983606557     170301128.2123197615     -7314153.0213109478     -67866757.0636684000     4104243.8433768908     -38663618.2757643685       7821             0.00000000000171065618     251204160.62992858886718750000 
       47          0.3049180328     171296878.0532311797     10542588.7384421825     -78245632.4257291108     -4816024.8062676378     -25796029.5947966464       7921             0.00000000000171065618     251204160.62992858886718750000 
       48          0.3114754098     182392419.6990510523     9747820.4629151989     -70332852.7447150797     -13975606.5930618457     -26387322.3920951597       8453             0.00000000000171065618     251204160.62992858886718750000 
       49          0.3180327869     176622442.5625865757     -19958985.2867809571     -79411074.8155949414     -1870563.2337531429     -987147.0805793299       8500             0.00000000000171065618     251204160.62992858886718750000 
       50          0.3245901639     165934426.1220233738     -2447541.5520651210     -94054166.3898410648     -4120752.6784383017     9696356.6614801697       9193             0.00000000000171065618     251204160.62992858886718750000 
       51          0.3311475410     158524746.4779251814     -1299431.4728408004     -82156353.6170961410     13545488.1156434193     -17030171.6525670104       9529             0.00000000000171065618     251204160.62992858886718750000 
       52          0.3377049180     156753268.9900844395     782372.3249984167     -91185969.2828062326      62558.8639235536     -799060.5477301750       9589             0.00000000000171065618     251204160.62992858886718750000 
       53          0.3442622951     154645710.6069062352     -6293693.5228330251     -78945371.9319435805     5297208.7452431237     -17090660.5960561335      10481             0.00000000000171065618     251204160.62992858886718750000 
       54          0.3508196721     143564844.0621781945     -9334742.3548498172     -99037430.0341671854     -2941048.9759189468     -871676.3567721035      10249             0.00000000000171065618     251204160.62992858886718750000 
       55          0.3573770492     138417822.3272356689     3288724.2545461534     -82313323.9787407368     2550901.9975232584     5861392.1680433517      11068             0.00000000000171065618     251204160.62992858886718750000 
       56          0.3639344262     136732308.6294310689     -1349295.9336489483     -77946610.6058797687     -1479552.6523505661     4448956.7793952087      11537             0.00000000000171065618     251204160.62992858886718750000 
       57          0.3704918033     135715961.4007737041     -3163194.8364094398     -91487210.8272720724     597392.5710675005     14960197.9576246273      11801             0.00000000000171065618     251204160.62992858886718750000 
       58          0.3770491803     136543268.1105788648     6700343.5768337538     -83103254.7941747010     -1051608.3419700814     9694884.4245466758      12053             0.00000000000171065618     251204160.62992858886718750000 
       59          0.3836065574     128533391.0965380818     -9984991.8212393131     -87341266.3041755408     -3636526.3597564269     35003698.9092381373      12809             0.00000000000171065618     251204160.62992858886718750000 
       60          0.3901639344     125952907.9745234102     504011.8998804388     -97047037.4424028993     -16847817.0132044107     32987646.0480383411      12969             0.00000000000171065618     251204160.62992858886718750000 
       61          0.3967213115           0           0           0           0           0           0           0           0 
