        1          0.0009000000          1.0000000000           1 
        5          0.0081000000          0.3929001839           5 
        7          0.0117000000          0.1450354961           8 
        8          0.0135000000          0.0504486361           4 
        9          0.0153000000          0.0613431808           5 
       10          0.0171000000          0.0249951079          16 
       11          0.0189000000          0.0133707709          12 
       13          0.0225000000          0.0111174644           8 
       14          0.0243000000          0.0083913075          33 
       15          0.0261000000          0.0028864032          12 
       16          0.0279000000          0.0044738740          20 
       17          0.0297000000          0.0041659812          24 
       18          0.0315000000          0.0049722881          33 
       19          0.0333000000          0.0029662222          20 
       20          0.0351000000          0.0016520353          52 
       21          0.0369000000          0.0018708393          12 
       22          0.0387000000          0.0014023071          33 
       23          0.0405000000          0.0014308496          56 
       24          0.0423000000          0.0010243340          64 
       25          0.0441000000          0.0004082722           8 
       26          0.0459000000          0.0008103105          76 
       27          0.0477000000          0.0005833988          69 
       28          0.0495000000          0.0004948855          68 
       29          0.0513000000          0.0005244685          48 
       30          0.0531000000          0.0003933723          64 
       31          0.0549000000          0.0005828254          81 
       32          0.0567000000          0.0002462985          80 
       33          0.0585000000          0.0002321785          96 
       34          0.0603000000          0.0001885767          52 
       35          0.0621000000          0.0002473263          93 
       36          0.0639000000          0.0001851513         144 
       37          0.0657000000          0.0001670616          72 
       38          0.0675000000          0.0001077864         140 
       39          0.0693000000          0.0001087641          84 
       40          0.0711000000          0.0001261874         157 
       41          0.0729000000          0.0000948375         104 
       42          0.0747000000          0.0000796035         164 
       43          0.0765000000          0.0000762094         112 
       44          0.0783000000          0.0001192912         201 
       45          0.0801000000          0.0000526839         152 
       46          0.0819000000          0.0000427229         164 
       47          0.0837000000          0.0000456916         164 
       48          0.0855000000          0.0000712788         165 
       49          0.0873000000          0.0000582213         240 
       50          0.0891000000          0.0000315742         172 
       51          0.0909000000          0.0000336843         160 
       52          0.0927000000          0.0000299886         232 
       53          0.0945000000          0.0000589561         201 
       54          0.0963000000          0.0000324526         276 
       55          0.0981000000          0.0000318982         184 
       56          0.0999000000          0.0000299423         232 
       57          0.1017000000          0.0000489811         257 
       58          0.1035000000          0.0000258487         244 
       59          0.1053000000          0.0000197639         312 
       60          0.1071000000          0.0000223033         320 
       61          0.1089000000          0.0000212888         228 
       62          0.1107000000          0.0000330165         273 
       63          0.1125000000          0.0000156945         304 
       64          0.1143000000          0.0000153755         328 
       65          0.1161000000          0.0000148858         312 
       66          0.1179000000          0.0000295138         313 
       67          0.1197000000          0.0000127748         412 
       68          0.1215000000          0.0000144509         300 
       69          0.1233000000          0.0000094808         452 
       70          0.1251000000          0.0000237112         309 
       71          0.1269000000          0.0000113144         348 
       72          0.1287000000          0.0000094425         472 
       73          0.1305000000          0.0000098630         356 
       74          0.1323000000          0.0000089174         400 
       75          0.1341000000          0.0000128049         477 
       76          0.1359000000          0.0000065768         444 
       77          0.1377000000          0.0000065038         444 
       78          0.1395000000          0.0000069159         444 
       79          0.1413000000          0.0000127195         513 
       80          0.1431000000          0.0000060909         452 
       81          0.1449000000          0.0000055329         588 
       82          0.1467000000          0.0000045176         492 
       83          0.1485000000          0.0000084662         433 
       84          0.1503000000          0.0000070810         616 
       85          0.1521000000          0.0000048970         636 
       86          0.1539000000          0.0000049584         440 
       87          0.1557000000          0.0000039915         596 
       88          0.1575000000          0.0000076469         681 
       89          0.1593000000          0.0000042208         580 
       90          0.1611000000          0.0000038664         620 
       91          0.1629000000          0.0000037319         608 
       92          0.1647000000          0.0000082720         581 
       93          0.1665000000          0.0000037173         784 
       94          0.1683000000          0.0000032905         652 
       95          0.1701000000          0.0000035385         740 
       96          0.1719000000          0.0000047836         561 
       97          0.1737000000          0.0000040021         936 
       98          0.1755000000          0.0000027836         560 
       99          0.1773000000          0.0000028885         760 
      100          0.1791000000          0.0000024525         844 
      101          0.1809000000          0.0000055083         681 
      102          0.1827000000          0.0000027494         908 
      103          0.1845000000          0.0000023781         784 
      104          0.1863000000          0.0000020594         756 
      105          0.1881000000          0.0000046424         817 
      106          0.1899000000          0.0000020775        1012 
      107          0.1917000000          0.0000019103         796 
      108          0.1935000000          0.0000021812         844 
      109          0.1953000000          0.0000016956         836 
      110          0.1971000000          0.0000030905        1113 
      111          0.1989000000          0.0000016223         816 
      112          0.2007000000          0.0000015015         956 
      113          0.2025000000          0.0000015623        1004 
      114          0.2043000000          0.0000032134         981 
      115          0.2061000000          0.0000014954        1100 
      116          0.2079000000          0.0000013117        1016 
      117          0.2097000000          0.0000013822         968 
      118          0.2115000000          0.0000025683        1145 
      119          0.2133000000          0.0000013978         952 
      120          0.2151000000          0.0000013569        1244 
      121          0.2169000000          0.0000011548         984 
      122          0.2187000000          0.0000010996        1228 
      123          0.2205000000          0.0000022295        1157 
      124          0.2223000000          0.0000011024        1128 
      125          0.2241000000          0.0000010815        1164 
      126          0.2259000000          0.0000011858        1192 
      127          0.2277000000          0.0000020368        1309 
      128          0.2295000000          0.0000010403        1248 
      129          0.2313000000          0.0000009672        1332 
      130          0.2331000000          0.0000009385        1176 
      131          0.2349000000          0.0000017711        1361 
      132          0.2367000000          0.0000011069        1400 
      133          0.2385000000          0.0000009212        1324 
      134          0.2403000000          0.0000007843        1360 
      135          0.2421000000          0.0000008447        1360 
      136          0.2439000000          0.0000015915        1445 
      137          0.2457000000          0.0000007776        1300 
      138          0.2475000000          0.0000008081        1508 
      139          0.2493000000          0.0000007615        1492 
      140          0.2511000000          0.0000013553        1629 
      141          0.2529000000          0.0000007208        1384 
      142          0.2547000000          0.0000006905        1552 
      143          0.2565000000          0.0000006840        1664 
      144          0.2583000000          0.0000009593        1461 
      145          0.2601000000          0.0000009964        1500 
      146          0.2619000000          0.0000005549        1676 
      147          0.2637000000          0.0000005510        1860 
      148          0.2655000000          0.0000005857        1440 
      149          0.2673000000          0.0000010690        1897 
      150          0.2691000000          0.0000005880        1676 
      151          0.2709000000          0.0000005360        1740 
      152          0.2727000000          0.0000004943        1648 
      153          0.2745000000          0.0000009681        1869 
      154          0.2763000000          0.0000005540        1724 
      155          0.2781000000          0.0000005028        1856 
      156          0.2799000000          0.0000004952        1992 
      157          0.2817000000          0.0000004854        1748 
      158          0.2835000000          0.0000008456        1897 
      159          0.2853000000          0.0000004296        1972 
      160          0.2871000000          0.0000004367        1748 
      161          0.2889000000          0.0000004423        2156 
      162          0.2907000000          0.0000008807        1917 
      163          0.2925000000          0.0000004591        2160 
      164          0.2943000000          0.0000003827        1884 
      165          0.2961000000          0.0000003905        2224 
      166          0.2979000000          0.0000007733        1897 
      167          0.2997000000          0.0000004435        2080 
      168          0.3015000000          0.0000004116        2484 
      169          0.3033000000          0.0000003740        2048 
      170          0.3051000000          0.0000003584        2188 
      171          0.3069000000          0.0000006707        2133 
      172          0.3087000000          0.0000003504        2372 
      173          0.3105000000          0.0000003498        2276 
      174          0.3123000000          0.0000003430        2432 
      175          0.3141000000          0.0000006865        2057 
      176          0.3159000000          0.0000003093        2512 
      177          0.3177000000          0.0000002884        2364 
      178          0.3195000000          0.0000003052        2264 
      179          0.3213000000          0.0000005438        2329 
      180          0.3231000000          0.0000003192        2808 
      181          0.3249000000          0.0000002743        2348 
      182          0.3267000000          0.0000002601        2500 
      183          0.3285000000          0.0000002432        2572 
      184          0.3303000000          0.0000004857        2585 
      185          0.3321000000          0.0000002582        2628 
      186          0.3339000000          0.0000002584        2816 
      187          0.3357000000          0.0000002366        2496 
      188          0.3375000000          0.0000004578        2633 
      189          0.3393000000          0.0000002341        2748 
      190          0.3411000000          0.0000002368        2884 
      191          0.3429000000          0.0000002292        2652 
      192          0.3447000000          0.0000003244        2685 
      193          0.3465000000          0.0000003183        3084 
      194          0.3483000000          0.0000002247        2748 
      195          0.3501000000          0.0000002081        2944 
      196          0.3519000000          0.0000002023        2604 
      197          0.3537000000          0.0000003914        3185 
      198          0.3555000000          0.0000002162        3184 
      199          0.3573000000          0.0000002052        2728 
      200          0.3591000000          0.0000001956        3132 
      201          0.3609000000          0.0000003714        3017 
      202          0.3627000000          0.0000002063        3352 
      203          0.3645000000          0.0000001984        2892 
      204          0.3663000000          0.0000001920        3100 
      205          0.3681000000          0.0000001804        3212 
      206          0.3699000000          0.0000003309        3389 
      207          0.3717000000          0.0000001692        3372 
      208          0.3735000000          0.0000001794        3000 
      209          0.3753000000          0.0000001678        3632 
      210          0.3771000000          0.0000003271        3233 
      211          0.3789000000          0.0000001661        3344 
      212          0.3807000000          0.0000001514        3384 
      213          0.3825000000          0.0000001496        3472 
      214          0.3843000000          0.0000002841        3401 
      215          0.3861000000          0.0000001781        3648 
      216          0.3879000000          0.0000001465        3624 
      217          0.3897000000          0.0000001456        3288 
      218          0.3915000000          0.0000001361        3536 
      219          0.3933000000          0.0000002630        3757 
      220          0.3951000000          0.0000001423        4052 
      221          0.3969000000          0.0000001359        3712 
      222          0.3987000000          0.0000001387        3452 
      223          0.4005000000          0.0000002508        4029 
      224          0.4023000000          0.0000001387        3676 
      225          0.4041000000          0.0000001318        3800 
      226          0.4059000000          0.0000001306        4044 
      227          0.4077000000          0.0000002346        3905 
      228          0.4095000000          0.0000001530        4032 
      229          0.4113000000          0.0000001231        3984 
      230          0.4131000000          0.0000001230        3880 
      231          0.4149000000          0.0000001224        3860 
      232          0.4167000000          0.0000002274        4449 
      233          0.4185000000          0.0000001273        4104 
      234          0.4203000000          0.0000001192        4028 
      235          0.4221000000          0.0000001150        4088 
      236          0.4239000000          0.0000002053        4453 
      237          0.4257000000          0.0000001203        4140 
      238          0.4275000000          0.0000001198        4200 
      239          0.4293000000          0.0000001208        4328 
      240          0.4311000000          0.0000001601        4157 
      241          0.4329000000          0.0000001527        4788 
      242          0.4347000000          0.0000001051        4368 
      243          0.4365000000          0.0000001098        4724 
      244          0.4383000000          0.0000001001        4176 
      245          0.4401000000          0.0000001882        4729 
      246          0.4419000000          0.0000001016        4560 
      247          0.4437000000          0.0000000987        4516 
      248          0.4455000000          0.0000000896        4992 
      249          0.4473000000          0.0000001739        4489 
      250          0.4491000000           0           0 
