        1          0.0009000000          1.0000000000           1 
        5          0.0081000000          0.3956395515           5 
        7          0.0117000000          0.1473960949           8 
        8          0.0135000000          0.0518646894           4 
        9          0.0153000000          0.0616287888           5 
       10          0.0171000000          0.0250601568          16 
       11          0.0189000000          0.0131855696          12 
       13          0.0225000000          0.0108091447           8 
       14          0.0243000000          0.0084176142          33 
       15          0.0261000000          0.0028866244          12 
       16          0.0279000000          0.0043882359          20 
       17          0.0297000000          0.0040899617          24 
       18          0.0315000000          0.0049141398          33 
       19          0.0333000000          0.0029501301          20 
       20          0.0351000000          0.0016359422          52 
       21          0.0369000000          0.0018099718          12 
       22          0.0387000000          0.0013880063          33 
       23          0.0405000000          0.0014289884          56 
       24          0.0423000000          0.0009956290          64 
       25          0.0441000000          0.0004007901           8 
       26          0.0459000000          0.0007987504          76 
       27          0.0477000000          0.0005858486          69 
       28          0.0495000000          0.0004816585          68 
       29          0.0513000000          0.0005168380          48 
       30          0.0531000000          0.0003857582          64 
       31          0.0549000000          0.0005777662          81 
       32          0.0567000000          0.0002457777          80 
       33          0.0585000000          0.0002292888          96 
       34          0.0603000000          0.0001844184          52 
       35          0.0621000000          0.0002450165          93 
       36          0.0639000000          0.0001829297         144 
       37          0.0657000000          0.0001627224          72 
       38          0.0675000000          0.0001056991         140 
       39          0.0693000000          0.0001073559          84 
       40          0.0711000000          0.0001262738         157 
       41          0.0729000000          0.0000918774         104 
       42          0.0747000000          0.0000776000         164 
       43          0.0765000000          0.0000740892         112 
       44          0.0783000000          0.0001186566         201 
       45          0.0801000000          0.0000521160         152 
       46          0.0819000000          0.0000415379         164 
       47          0.0837000000          0.0000442883         164 
       48          0.0855000000          0.0000705039         165 
       49          0.0873000000          0.0000572646         240 
       50          0.0891000000          0.0000306965         172 
       51          0.0909000000          0.0000328540         160 
       52          0.0927000000          0.0000292271         232 
       53          0.0945000000          0.0000586705         201 
       54          0.0963000000          0.0000315133         276 
       55          0.0981000000          0.0000309065         184 
       56          0.0999000000          0.0000290598         232 
       57          0.1017000000          0.0000487937         257 
       58          0.1035000000          0.0000253259         244 
       59          0.1053000000          0.0000190546         312 
       60          0.1071000000          0.0000216660         320 
       61          0.1089000000          0.0000207561         228 
       62          0.1107000000          0.0000328534         273 
       63          0.1125000000          0.0000152851         304 
       64          0.1143000000          0.0000149940         328 
       65          0.1161000000          0.0000144481         312 
       66          0.1179000000          0.0000293179         313 
       67          0.1197000000          0.0000124191         412 
       68          0.1215000000          0.0000140405         300 
       69          0.1233000000          0.0000092355         452 
       70          0.1251000000          0.0000236850         309 
       71          0.1269000000          0.0000110441         348 
       72          0.1287000000          0.0000091494         472 
       73          0.1305000000          0.0000096192         356 
       74          0.1323000000          0.0000086629         400 
       75          0.1341000000          0.0000127457         477 
       76          0.1359000000          0.0000064222         444 
       77          0.1377000000          0.0000063090         444 
       78          0.1395000000          0.0000067075         444 
       79          0.1413000000          0.0000126588         513 
       80          0.1431000000          0.0000059246         452 
       81          0.1449000000          0.0000053827         588 
       82          0.1467000000          0.0000043707         492 
       83          0.1485000000          0.0000083601         433 
       84          0.1503000000          0.0000069821         616 
       85          0.1521000000          0.0000047616         636 
       86          0.1539000000          0.0000047976         440 
       87          0.1557000000          0.0000038638         596 
       88          0.1575000000          0.0000075760         681 
       89          0.1593000000          0.0000040867         580 
       90          0.1611000000          0.0000037269         620 
       91          0.1629000000          0.0000036161         608 
       92          0.1647000000          0.0000082287         581 
       93          0.1665000000          0.0000036069         784 
       94          0.1683000000          0.0000031828         652 
       95          0.1701000000          0.0000034255         740 
       96          0.1719000000          0.0000046928         561 
       97          0.1737000000          0.0000039435         936 
       98          0.1755000000          0.0000026923         560 
       99          0.1773000000          0.0000028000         760 
      100          0.1791000000          0.0000023643         844 
      101          0.1809000000          0.0000054720         681 
      102          0.1827000000          0.0000026575         908 
      103          0.1845000000          0.0000022995         784 
      104          0.1863000000          0.0000019907         756 
      105          0.1881000000          0.0000046137         817 
      106          0.1899000000          0.0000020079        1012 
      107          0.1917000000          0.0000018415         796 
      108          0.1935000000          0.0000021133         844 
      109          0.1953000000          0.0000016362         836 
      110          0.1971000000          0.0000030674        1113 
      111          0.1989000000          0.0000015697         816 
      112          0.2007000000          0.0000014445         956 
      113          0.2025000000          0.0000015049        1004 
      114          0.2043000000          0.0000031901         981 
      115          0.2061000000          0.0000014430        1100 
      116          0.2079000000          0.0000012714        1016 
      117          0.2097000000          0.0000013323         968 
      118          0.2115000000          0.0000025502        1145 
      119          0.2133000000          0.0000013415         952 
      120          0.2151000000          0.0000013077        1244 
      121          0.2169000000          0.0000011144         984 
      122          0.2187000000          0.0000010609        1228 
      123          0.2205000000          0.0000022080        1157 
      124          0.2223000000          0.0000010614        1128 
      125          0.2241000000          0.0000010335        1164 
      126          0.2259000000          0.0000011420        1192 
      127          0.2277000000          0.0000020167        1309 
      128          0.2295000000          0.0000010024        1248 
      129          0.2313000000          0.0000009336        1332 
      130          0.2331000000          0.0000008992        1176 
      131          0.2349000000          0.0000017488        1361 
      132          0.2367000000          0.0000010692        1400 
      133          0.2385000000          0.0000008882        1324 
      134          0.2403000000          0.0000007547        1360 
      135          0.2421000000          0.0000008136        1360 
      136          0.2439000000          0.0000015745        1445 
      137          0.2457000000          0.0000007429        1300 
      138          0.2475000000          0.0000007763        1508 
      139          0.2493000000          0.0000007344        1492 
      140          0.2511000000          0.0000013427        1629 
      141          0.2529000000          0.0000006931        1384 
      142          0.2547000000          0.0000006634        1552 
      143          0.2565000000          0.0000006566        1664 
      144          0.2583000000          0.0000009357        1461 
      145          0.2601000000          0.0000009823        1500 
      146          0.2619000000          0.0000005339        1676 
      147          0.2637000000          0.0000005294        1860 
      148          0.2655000000          0.0000005622        1440 
      149          0.2673000000          0.0000010545        1897 
      150          0.2691000000          0.0000005633        1676 
      151          0.2709000000          0.0000005161        1740 
      152          0.2727000000          0.0000004761        1648 
      153          0.2745000000          0.0000009585        1869 
      154          0.2763000000          0.0000005322        1724 
      155          0.2781000000          0.0000004811        1856 
      156          0.2799000000          0.0000004746        1992 
      157          0.2817000000          0.0000004667        1748 
      158          0.2835000000          0.0000008378        1897 
      159          0.2853000000          0.0000004120        1972 
      160          0.2871000000          0.0000004177        1748 
      161          0.2889000000          0.0000004235        2156 
      162          0.2907000000          0.0000008691        1917 
      163          0.2925000000          0.0000004413        2160 
      164          0.2943000000          0.0000003671        1884 
      165          0.2961000000          0.0000003742        2224 
      166          0.2979000000          0.0000007655        1897 
      167          0.2997000000          0.0000004246        2080 
      168          0.3015000000          0.0000003942        2484 
      169          0.3033000000          0.0000003592        2048 
      170          0.3051000000          0.0000003437        2188 
      171          0.3069000000          0.0000006624        2133 
      172          0.3087000000          0.0000003349        2372 
      173          0.3105000000          0.0000003343        2276 
      174          0.3123000000          0.0000003283        2432 
      175          0.3141000000          0.0000006780        2057 
      176          0.3159000000          0.0000002971        2512 
      177          0.3177000000          0.0000002755        2364 
      178          0.3195000000          0.0000002912        2264 
      179          0.3213000000          0.0000005360        2329 
      180          0.3231000000          0.0000003063        2808 
      181          0.3249000000          0.0000002619        2348 
      182          0.3267000000          0.0000002487        2500 
      183          0.3285000000          0.0000002317        2572 
      184          0.3303000000          0.0000004775        2585 
      185          0.3321000000          0.0000002459        2628 
      186          0.3339000000          0.0000002458        2816 
      187          0.3357000000          0.0000002253        2496 
      188          0.3375000000          0.0000004506        2633 
      189          0.3393000000          0.0000002232        2748 
      190          0.3411000000          0.0000002249        2884 
      191          0.3429000000          0.0000002174        2652 
      192          0.3447000000          0.0000003142        2685 
      193          0.3465000000          0.0000003100        3084 
      194          0.3483000000          0.0000002142        2748 
      195          0.3501000000          0.0000001976        2944 
      196          0.3519000000          0.0000001917        2604 
      197          0.3537000000          0.0000003832        3185 
      198          0.3555000000          0.0000002057        3184 
      199          0.3573000000          0.0000001951        2728 
      200          0.3591000000          0.0000001859        3132 
      201          0.3609000000          0.0000003649        3017 
      202          0.3627000000          0.0000001959        3352 
      203          0.3645000000          0.0000001882        2892 
      204          0.3663000000          0.0000001823        3100 
      205          0.3681000000          0.0000001710        3212 
      206          0.3699000000          0.0000003257        3389 
      207          0.3717000000          0.0000001603        3372 
      208          0.3735000000          0.0000001700        3000 
      209          0.3753000000          0.0000001586        3632 
      210          0.3771000000          0.0000003212        3233 
      211          0.3789000000          0.0000001580        3344 
      212          0.3807000000          0.0000001435        3384 
      213          0.3825000000          0.0000001417        3472 
      214          0.3843000000          0.0000002786        3401 
      215          0.3861000000          0.0000001691        3648 
      216          0.3879000000          0.0000001387        3624 
      217          0.3897000000          0.0000001377        3288 
      218          0.3915000000          0.0000001288        3536 
      219          0.3933000000          0.0000002578        3757 
      220          0.3951000000          0.0000001342        4052 
      221          0.3969000000          0.0000001282        3712 
      222          0.3987000000          0.0000001311        3452 
      223          0.4005000000          0.0000002458        4029 
      224          0.4023000000          0.0000001316        3676 
      225          0.4041000000          0.0000001247        3800 
      226          0.4059000000          0.0000001233        4044 
      227          0.4077000000          0.0000002298        3905 
      228          0.4095000000          0.0000001454        4032 
      229          0.4113000000          0.0000001166        3984 
      230          0.4131000000          0.0000001164        3880 
      231          0.4149000000          0.0000001156        3860 
      232          0.4167000000          0.0000002218        4449 
      233          0.4185000000          0.0000001201        4104 
      234          0.4203000000          0.0000001125        4028 
      235          0.4221000000          0.0000001085        4088 
      236          0.4239000000          0.0000002008        4453 
      237          0.4257000000          0.0000001139        4140 
      238          0.4275000000          0.0000001131        4200 
      239          0.4293000000          0.0000001141        4328 
      240          0.4311000000          0.0000001543        4157 
      241          0.4329000000          0.0000001481        4788 
      242          0.4347000000          0.0000000994        4368 
      243          0.4365000000          0.0000001039        4724 
      244          0.4383000000          0.0000000941        4176 
      245          0.4401000000          0.0000001837        4729 
      246          0.4419000000          0.0000000959        4560 
      247          0.4437000000          0.0000000935        4516 
      248          0.4455000000          0.0000000842        4992 
      249          0.4473000000          0.0000001701        4489 
      250          0.4491000000           0           0 
