# No.          k            P0            P1           P2           P3           P4            Nk           Norm           SNois  
        1          0.0050000000     229544401516.6320190430     -82005279259.6693115234     43841062993.0061492920     -79229250751.3907470703     97524105426.5420532227         14         96876.03222294787701684982      10090401.12502245604991912842 
        2          0.0150000000     77439233270.6862487793     -4779945438.8442449570     115990787324.2418212891     -62863314812.7101058960     -10617987691.7245311737         45         96876.03222294787701684982      10090401.12502245604991912842 
        3          0.0250000000     27150770214.9321556091     -9861035815.9254055023     48682506279.9043045044     -27248553712.8591270447     -22404493411.0409202576        142         96876.03222294787701684982      10090401.12502245604991912842 
        4          0.0350000000     13052724110.3881015778     -2614391562.9468846321     21447513664.5656051636     -5893745430.8366003036     -6428702491.6337547302        225         96876.03222294787701684982      10090401.12502245604991912842 
        5          0.0450000000     6202685750.7319488525     -1487131015.9988977909     9494261514.9754905701     -4016099510.8400306702     -3334547801.3043365479        430         96876.03222294787701684982      10090401.12502245604991912842 
        6          0.0550000000     3653861815.7597832680     -772853049.9875780344     6189925392.3277387619     -1624194402.8975353241     -277422740.8268697858        561         96876.03222294787701684982      10090401.12502245604991912842 
        7          0.0650000000     2327016761.2094798088     -377021215.2495057583     3865370189.8273720741     -653839051.7908571959     -448113286.9539974332        826         96876.03222294787701684982      10090401.12502245604991912842 
        8          0.0750000000     1627903071.0498459339     -173666467.4791136980     2602161237.8271894455     -586122952.1412923336     -459842012.8252437711       1145         96876.03222294787701684982      10090401.12502245604991912842 
        9          0.0850000000     1149767538.1891410351     -140068832.5248604417     1801834087.3632152081     -349609570.6628277302     -99262038.4710829109       1393         96876.03222294787701684982      10090401.12502245604991912842 
       10          0.0950000000     868751336.2009899616     -92780147.5223433971     1277577019.6383073330     -187604710.1069653928     -99444438.7487182915       1694         96876.03222294787701684982      10090401.12502245604991912842 
       11          0.1050000000     694485618.6548150778     -73038355.2036973834     954854419.2657274008     -142165817.8068608344     -41273922.8935958073       2101         96876.03222294787701684982      10090401.12502245604991912842 
       12          0.1150000000     562559047.2420623302     -41199027.1484287083     715278869.7067247629     -105102104.7523449361     -65227314.5849334672       2514         96876.03222294787701684982      10090401.12502245604991912842 
       13          0.1250000000     475343119.2539052963     -31894566.4977012798     615219399.4660148621     -66784419.7042765915     9782350.5671173017       2997         96876.03222294787701684982      10090401.12502245604991912842 
       14          0.1350000000     399293843.5971123576     -12921436.0822720975     488529922.5841616988     -49164627.3694410771     -13167098.2363242675       3462         96876.03222294787701684982      10090401.12502245604991912842 
       15          0.1450000000     337908733.5154436827     -15172823.6064872332     385974969.8107734323     -44884777.4352551550     14907592.3582179602       4057         96876.03222294787701684982      10090401.12502245604991912842 
       16          0.1550000000     286903852.0962636471     -15750805.9848233908     302991742.6441878080     -26814415.0192976221     -25218892.3300346360       4489         96876.03222294787701684982      10090401.12502245604991912842 
       17          0.1650000000     273011762.0938709378     -7596571.5943190679     279876384.0243784785     -20006699.5368180908     -10050628.0681893602       4974         96876.03222294787701684982      10090401.12502245604991912842 
       18          0.1750000000     241557755.3698353469     -11691768.7008490488     233578615.6993675232     -24357682.6466325112     -5380108.8590636561       5829         96876.03222294787701684982      10090401.12502245604991912842 
       19          0.1850000000     218456116.0005664229     -10479159.6293050051     201451366.4654380083     -15294513.5820910241     -2067885.0900201558       6490         96876.03222294787701684982      10090401.12502245604991912842 
       20          0.1950000000     197594093.9823923409     -3179700.2072999906     167819433.8746495545     -14833140.9233741090     -8077803.5860759169       7097         96876.03222294787701684982      10090401.12502245604991912842 
       21          0.2050000000     181246313.6672837734     -7118979.1332098311     143871176.5533743203     -19452858.6431108452     -1355681.8998187287       7838         96876.03222294787701684982      10090401.12502245604991912842 
       22          0.2150000000     164083754.0385681987     -6025603.8829024676     117936986.5453236699     -8167684.4507915126     7584758.6845430676       8889         96876.03222294787701684982      10090401.12502245604991912842 
       23          0.2250000000     154614901.1304943264     -5399596.2257172018     110917932.8426950723     -8524172.4377529137     -7881871.1994790062       9377         96876.03222294787701684982      10090401.12502245604991912842 
       24          0.2350000000     143686757.2152460515     -3898512.7684213240     97531481.3494586051     -2460719.9714895282     -1559236.4822986359      10442         96876.03222294787701684982      10090401.12502245604991912842 
       25          0.2450000000     135163113.0978074372     -270983.7933597826     91959131.7527625263     -6056811.2168553285     -3713070.4195637167      11065         96876.03222294787701684982      10090401.12502245604991912842 
       26          0.2550000000     124950902.8943651468     -4821435.5686340230     73666515.6888177842     -5174497.4021408875     -4714922.4101750748      12430         96876.03222294787701684982      10090401.12502245604991912842 
       27          0.2650000000     117936994.7663415372     -1441892.4825685420     69426986.4661095291     -3243849.8740066262     -4940021.2637051335      13009         96876.03222294787701684982      10090401.12502245604991912842 
       28          0.2750000000     111060537.6249457300     -1440988.4730512493     59769320.6875334978     -3192642.1828171979     -539196.7716682774      13998         96876.03222294787701684982      10090401.12502245604991912842 
       29          0.2850000000     105536121.2745170742     -3135050.1659021424     55521785.8972260579     -6104661.0402467744     -2700408.7460440597      15385         96876.03222294787701684982      10090401.12502245604991912842 
       30          0.2950000000     99151327.5209220201     -1918500.6398437128     47989640.7950359210     -1211333.7003026034     -2564973.3860237990      16181         96876.03222294787701684982      10090401.12502245604991912842 
       31          0.3050000000     95436777.6290932745     -2081817.7404574642     48819042.2346345708     -1129082.3074563681     -1771849.1228047209      17394         96876.03222294787701684982      10090401.12502245604991912842 
       32          0.3150000000     92355105.6035746336     -1085539.5884194705     45086175.4350279346     -2914880.6840790929     3493178.6581243048      18473         96876.03222294787701684982      10090401.12502245604991912842 
       33          0.3250000000     86134322.4850639105     -2302848.8496800810     40753767.0260796174     -542656.2175597358     -1547568.4805978592      19818         96876.03222294787701684982      10090401.12502245604991912842 
       34          0.3350000000     82807767.1148853153      26414.9331837064     37650837.7986148596     -2020843.4890699743       2997.8086556413      20857         96876.03222294787701684982      10090401.12502245604991912842 
       35          0.3450000000     79505068.3988963962     -1641740.2264468186     34183296.7849372551     -2485513.7974316739     1327689.9288256292      22118         96876.03222294787701684982      10090401.12502245604991912842 
       36          0.3550000000     76425646.4693005830     -1863054.7447776948     30520137.5864307620     -567677.8846674454     440925.0397665171      23581         96876.03222294787701684982      10090401.12502245604991912842 
       37          0.3650000000     73355249.3837988228     -1357679.0730588431     27247822.8491331749     -1694172.6385208447     -486223.7673413068      24621         96876.03222294787701684982      10090401.12502245604991912842 
       38          0.3750000000     70221615.9504126161     -1032631.4556288780     24908662.2609548047     -2404477.3354961439     181832.2844232137      26458         96876.03222294787701684982      10090401.12502245604991912842 
       39          0.3850000000     67040415.4258993641     -1014645.7760476721     21788424.6040377393     463576.3952436384     833906.3181242173      27197         96876.03222294787701684982      10090401.12502245604991912842 
       40          0.3950000000           0           0           0           0           0           0           0           0 
