# No.          k            P0            P1           P2           P3           P4            Nk           Norm           SNois  
        1          0.0050000000       1515.1909727999     73038645.4569308311     4662627.5012014257     16432856.5914919954     -19402586.7159339972         14         96876.03222294787701684982             0.00000000000000000000 
        2          0.0150000000       1515.3963915719     62343406.1957011297     -3084382.1235299543     -4474550.3688181089     12951009.5543969963         45         96876.03222294787701684982             0.00000000000000000000 
        3          0.0250000000       1515.8186097429     38130156.2749372348     -2644782.2800946441     -2146434.7724963189     1347717.2854449425        142         96876.03222294787701684982             0.00000000000000000000 
        4          0.0350000000       1516.4204279594     22147372.9168524556      20935.2664554334     -1937893.4666794243     498021.0754656229        225         96876.03222294787701684982             0.00000000000000000000 
        5          0.0450000000       1517.2738046024     14192476.6415818278     911523.7744429023     -2385052.6808803733     564826.5781568247        430         96876.03222294787701684982             0.00000000000000000000 
        6          0.0550000000       1518.3159064424     9169474.0785039142     -87437.1307590892     -553790.5724973906     -499366.1812904312        561         96876.03222294787701684982             0.00000000000000000000 
        7          0.0650000000       1519.5599374523     6951536.3874787493      48339.3262154296     -118544.4012639167     215203.6572610759        826         96876.03222294787701684982             0.00000000000000000000 
        8          0.0750000000       1521.0808646467     5351735.6385197798     -122022.4203921864     -505543.5884137093     186314.8150970727       1145         96876.03222294787701684982             0.00000000000000000000 
        9          0.0850000000       1522.8085127916     3834622.3960306947      10423.5382580599     -24074.9688827663     -133662.7441615980       1393         96876.03222294787701684982             0.00000000000000000000 
       10          0.0950000000       1524.6948592247     2952356.7805471481      82204.2714593878     -119560.7406991391      13185.5854825851       1694         96876.03222294787701684982             0.00000000000000000000 
       11          0.1050000000       1526.7830479699     2379974.9784775376     -36267.1917103243     -97145.0412567685      90254.2418577188       2101         96876.03222294787701684982             0.00000000000000000000 
       12          0.1150000000       1529.1186037784     1926555.0220139504       -325.3783742729     -75974.4970387519      -7189.5304067926       2514         96876.03222294787701684982             0.00000000000000000000 
       13          0.1250000000       1531.6741837053     1621057.3504920013      18042.9062761142     -73551.8580995153      22064.0176967039       2997         96876.03222294787701684982             0.00000000000000000000 
       14          0.1350000000       1534.4643099930     1376736.6237305002     -22549.6142170044      39306.7905359693     -19877.2524313951       3462         96876.03222294787701684982             0.00000000000000000000 
       15          0.1450000000       1537.4795336909     1122365.1644381240        -44.8127868884      26335.9307241458      13588.6182691888       4057         96876.03222294787701684982             0.00000000000000000000 
       16          0.1550000000       1540.6962557998     956286.6063142262      10101.0848335934     -21912.8463788430     -26432.7870341565       4489         96876.03222294787701684982             0.00000000000000000000 
       17          0.1650000000       1544.0543957785     852916.3142559995     -15326.9306476278     -20583.2487929517      22821.4501931335       4974         96876.03222294787701684982             0.00000000000000000000 
       18          0.1750000000       1547.6685595483     748372.5658366085      20405.7954953031       -166.7830553049       3585.4385456412       5829         96876.03222294787701684982             0.00000000000000000000 
       19          0.1850000000       1551.5900941591     667255.1335536429     -11189.5660506766      11356.0229136283       4647.5010980487       6490         96876.03222294787701684982             0.00000000000000000000 
       20          0.1950000000       1555.6918811596     589166.8909309679       1548.9193461682      -3215.0102760812     -11432.9445405134       7097         96876.03222294787701684982             0.00000000000000000000 
       21          0.2050000000       1560.0010982139     526962.9204855934      -2725.7647924451      15647.4060887091       -927.9961390438       7838         96876.03222294787701684982             0.00000000000000000000 
       22          0.2150000000       1564.6071551451     468140.3078628586      -2287.1218544667       2991.6108655593      -5538.4214597088       8889         96876.03222294787701684982             0.00000000000000000000 
       23          0.2250000000       1569.4351640231     430388.5717915141        136.3089332056     -13970.0390975924      -8642.3054063296       9377         96876.03222294787701684982             0.00000000000000000000 
       24          0.2350000000       1574.4660671240     391407.5071824967       2361.9266201647      -7085.2035021893       2610.7882433472      10442         96876.03222294787701684982             0.00000000000000000000 
       25          0.2450000000       1579.7145058395     356213.5290961081      -7585.9352063516       6231.5932313646       7402.0430216397      11065         96876.03222294787701684982             0.00000000000000000000 
       26          0.2550000000       1585.2546953069     321775.1675461237       2752.5656515186      -3469.1032004699        808.3412179219      12430         96876.03222294787701684982             0.00000000000000000000 
       27          0.2650000000       1591.0346487567     294510.0741929155      -2660.6906843899      -3674.0783395424       -736.2508739536      13009         96876.03222294787701684982             0.00000000000000000000 
       28          0.2750000000       1596.9842723525     276482.5591287243        872.9631478135      -1140.5792722932       -523.5400004719      13998         96876.03222294787701684982             0.00000000000000000000 
       29          0.2850000000       1603.2457676972     250888.7210546347       -763.0110800530     -17760.7088256740      -6066.6119339175      15385         96876.03222294787701684982             0.00000000000000000000 
       30          0.2950000000       1609.7812044325     234627.8799228600       3067.5009363768     -14093.8516868611        109.3192998282      16181         96876.03222294787701684982             0.00000000000000000000 
       31          0.3050000000       1616.5343971402     221435.0247981273      -2849.1987379201      -5047.0249819641       3430.9705663980      17394         96876.03222294787701684982             0.00000000000000000000 
       32          0.3150000000       1623.5399204873     209974.8006866476       1026.9603111145       7367.9150218160       -878.4084159566      18473         96876.03222294787701684982             0.00000000000000000000 
       33          0.3250000000       1630.8398861854     192127.5141025833      -1084.9877498831       2080.5947177658       2183.5125984343      19818         96876.03222294787701684982             0.00000000000000000000 
       34          0.3350000000       1638.3893248087     184131.0324310651        609.7705624920       9477.2315814991      -5235.2493122074      20857         96876.03222294787701684982             0.00000000000000000000 
       35          0.3450000000       1646.1826784329     172212.0867891076        845.5087825460       3920.6771842222       -537.6693990716      22118         96876.03222294787701684982             0.00000000000000000000 
       36          0.3550000000       1654.2735133368     162174.3692944379      -1544.7988044257      -4560.2741750193        377.6263901229      23581         96876.03222294787701684982             0.00000000000000000000 
       37          0.3650000000       1662.6194845628     150918.8925874762        737.0563372581      -5253.8815486880        873.6516444278      24621         96876.03222294787701684982             0.00000000000000000000 
       38          0.3750000000       1671.2850229992     142112.7070997606        835.2676156613      -2648.5409991228      -1508.6683164168      26458         96876.03222294787701684982             0.00000000000000000000 
       39          0.3850000000       1680.1861346019     135470.9374128927       1081.3559075532      -2189.2336229559       1554.4339566815      27197         96876.03222294787701684982             0.00000000000000000000 
       40          0.3950000000           0           0           0           0           0           0           0           0 
