# No.          k            P0            P1           P2           P3           P4            Nk           Norm           SNois  
        1          0.0050000000      15316.9860015074      10718.7770149454        922.6145035792      10569.3586961075       2275.8591319593         14         96876.03222294787701684982            86.74722536798256555812 
        2          0.0150000000      18818.1944062324      -3360.3015797106       6128.9995835529       2502.6282162885      -9623.0100577619         45         96876.03222294787701684982            86.74722536798256555812 
        3          0.0250000000      19136.2499066050       -229.5390199851        978.0951038733       2154.0890970866      -3511.8800882321        142         96876.03222294787701684982            86.74722536798256555812 
        4          0.0350000000      15037.0266418193       -122.8302668207      -1577.1485483577      -1021.8322207295      -1280.4116123711        225         96876.03222294787701684982            86.74722536798256555812 
        5          0.0450000000      13788.3225587708        472.5350553000      -1501.0457392952         79.4690490114      -2386.6193981984        430         96876.03222294787701684982            86.74722536798256555812 
        6          0.0550000000      10054.4508696173       -161.9825275597       -662.6834772115        -44.1885498722       -837.8568612975        561         96876.03222294787701684982            86.74722536798256555812 
        7          0.0650000000       9003.7516001864        339.4101870856       -363.9927543909         56.4499971860       1793.1502595647        826         96876.03222294787701684982            86.74722536798256555812 
        8          0.0750000000       7992.4629376822       -547.3779475024       -321.5929899476        270.2675930362       -804.2906633908       1145         96876.03222294787701684982            86.74722536798256555812 
        9          0.0850000000       6321.7172368483         69.8565417390        171.5767162271        235.2830887844        528.1490668002       1393         96876.03222294787701684982            86.74722536798256555812 
       10          0.0950000000       5213.2005458207         36.7825868411       -104.9707998026        -43.7701572225        -18.9581810402       1694         96876.03222294787701684982            86.74722536798256555812 
       11          0.1050000000       4746.6346327796        -15.6366288535       -213.3721464272         78.1770866335       -503.0480883322       2101         96876.03222294787701684982            86.74722536798256555812 
       12          0.1150000000       4152.3236516671         -5.2229488282        -15.8965582993         21.1079667590        -71.1208515357       2514         96876.03222294787701684982            86.74722536798256555812 
       13          0.1250000000       3772.5262396193        -58.8859965584       -231.4156040657        113.7905367336       -172.1245463910       2997         96876.03222294787701684982            86.74722536798256555812 
       14          0.1350000000       3323.7436060200        -58.5800499461        127.6033741044       -126.1782162100         49.8796332165       3462         96876.03222294787701684982            86.74722536798256555812 
       15          0.1450000000       3004.7390360381        -29.9899174191        -99.1619500645        -39.5351335252        146.2119284353       4057         96876.03222294787701684982            86.74722536798256555812 
       16          0.1550000000       2742.9373342085         12.9571361083        -86.5158774651         22.1623559710        -17.0431081173       4489         96876.03222294787701684982            86.74722536798256555812 
       17          0.1650000000       2432.0184963548         64.1951832850        -65.3477338544        -66.8753283783         70.5658180121       4974         96876.03222294787701684982            86.74722536798256555812 
       18          0.1750000000       2330.3532334526        -55.3294515670        -40.8565912139         -2.3695777722         34.1724696468       5829         96876.03222294787701684982            86.74722536798256555812 
       19          0.1850000000       2085.1795946545         19.6798620284         75.0148012295        103.6883860458        -61.5166219419       6490         96876.03222294787701684982            86.74722536798256555812 
       20          0.1950000000       1887.3446260608        -14.9766586151         29.3303433079        -24.9875134122        -25.5183506880       7097         96876.03222294787701684982            86.74722536798256555812 
       21          0.2050000000       1811.3927659863        -30.4640272938         18.2179452397        -16.1429258490         47.4795829068       7838         96876.03222294787701684982            86.74722536798256555812 
       22          0.2150000000       1676.2675282815         -3.6211194698        -41.1988448456         -9.3597357522        -26.0694444034       8889         96876.03222294787701684982            86.74722536798256555812 
       23          0.2250000000       1567.7854077940         22.5133645491        -33.7223158539         19.0007757032        -56.1477856703       9377         96876.03222294787701684982            86.74722536798256555812 
       24          0.2350000000       1469.1963946211         -5.9841375176        -57.1483059749          6.5332120686          9.8181710924      10442         96876.03222294787701684982            86.74722536798256555812 
       25          0.2450000000       1347.3405295874         -5.4605243509          8.2811313539         23.2107608808        -42.0454407143      11065         96876.03222294787701684982            86.74722536798256555812 
       26          0.2550000000       1270.5594213358          2.4573099080         -2.4364539378        -21.2876551820        -25.6700083858      12430         96876.03222294787701684982            86.74722536798256555812 
       27          0.2650000000       1201.6265680093         -2.7334363041        -45.8973696943        -13.5668862847         -2.4125572361      13009         96876.03222294787701684982            86.74722536798256555812 
       28          0.2750000000       1156.1284368107         -5.0523053679        -22.8919049455         -3.7224483409         -7.4674192014      13998         96876.03222294787701684982            86.74722536798256555812 
       29          0.2850000000       1068.1023806014         -3.0923013901        -19.2814309519         17.0034946160        -18.7720898098      15385         96876.03222294787701684982            86.74722536798256555812 
       30          0.2950000000       1029.5675012361          3.6589927954        -22.5192885644         -4.6753497093        -31.1822139421      16181         96876.03222294787701684982            86.74722536798256555812 
       31          0.3050000000        989.9341208396         -1.5428899900          4.6701805028         -9.9860324289        -29.7111311877      17394         96876.03222294787701684982            86.74722536798256555812 
       32          0.3150000000        934.7747606838         -5.9337379426        -10.4556350128          1.6993392219         27.2466245241      18473         96876.03222294787701684982            86.74722536798256555812 
       33          0.3250000000        898.2632180611         -0.9059322946         -4.5023694305          9.2654502548         -2.4082135749      19818         96876.03222294787701684982            86.74722536798256555812 
       34          0.3350000000        854.7649199824        -12.7486961900         30.6460387458        -10.0254888766         38.9543068245      20857         96876.03222294787701684982            86.74722536798256555812 
       35          0.3450000000        821.7333891318         12.1413378936          4.9969986189          2.3196564093         17.0038556463      22118         96876.03222294787701684982            86.74722536798256555812 
       36          0.3550000000        783.5658820260         -2.9901908741        -22.1330690000          4.9193273586        -16.2590502543      23581         96876.03222294787701684982            86.74722536798256555812 
       37          0.3650000000        766.6073956996         -0.9529897593        -22.1347744345         -2.3089282703         -8.6711804964      24621         96876.03222294787701684982            86.74722536798256555812 
       38          0.3750000000        725.8806606610         -6.5464905149         -7.2082449076          7.5920101371        -21.3083311084      26458         96876.03222294787701684982            86.74722536798256555812 
       39          0.3850000000        704.3939871543          2.6764655713          0.2326517081         -6.2707783063          4.5703193782      27197         96876.03222294787701684982            86.74722536798256555812 
       40          0.3950000000           0           0           0           0           0           0           0           0 
